0.0894317 0.102296 0.115518 0.0987472 0.0745148 0.092532 0.973659 0.100392 
0.0025566 0.591319 0.000787173 0.000261034 9.0009e-005 0.58653 0.575595 0.000445623 
0.118648 0.122747 0.150166 0.677822 0.127644 0.126823 0.135308 0.672399 
0.66188 0.128562 0.129192 0.131147 0.68961 0.137455 0.148832 0.135946 
1.97754e-005 0.000113383 8.68921e-007 0.000106134 7.88647e-005 0.449596 0.898464 5.72846e-006 
0.620469 0.61987 0.00233374 0.000174507 0.000245708 0.61852 0.000458006 0.0076143 
0.582852 0.58888 0.588901 0.000314401 0.000347371 0.00206902 0.00267207 1.31361e-005 
0.000190941 0.592361 0.0012845 0.000887843 6.00957e-005 7.14021e-005 0.581998 0.586612 
0.589183 0.00182995 0.000729831 0.000768739 4.15132e-005 0.586631 2.8479e-005 0.58277 
0.000371604 0.00041405 0.454269 0.000184803 2.6778e-006 0.909379 0.000181916 9.73984e-005 
0.150228 0.147241 0.116452 0.665476 0.141662 0.13307 0.676648 0.133357 
0.902947 0.00133622 0.000125166 0.000107218 4.87408e-005 4.9183e-005 6.98256e-006 0.452161 
0.909238 0.00087737 7.83443e-005 0.000480241 0.000939992 0.45394 0.000153471 0.00013878 
0.000748138 0.588057 6.44409e-005 0.000217368 0.581466 2.05483e-006 0.000274708 0.580938 
0.000193688 0.000177425 0.000192315 0.000132648 3.88291e-006 0.9012 0.448817 7.67654e-007 
0.451852 0.00033294 0.900142 0.00134921 0.000189771 0.000122372 8.19757e-006 3.92172e-005 
0.580483 0.000498948 0.57898 0.000786626 0.584989 2.02354e-005 4.97853e-005 0.000137682 
2.88035e-007 1.73188e-005 1.48159e-006 0.900122 0.00062704 1.95759e-005 3.26393e-005 0.44692 
0.149714 0.15463 0.675564 0.138324 0.142007 0.131191 0.659926 0.143207 
7.46261e-008 1.24607e-006 0.000863217 0.905479 0.454731 0.00072845 0.000152993 0.00024979 
0.000357077 1.01612 0.000257593 0.000168962 2.59265e-006 0.000121188 6.97454e-005 1.17082e-006 
0.58426 0.00193773 0.000827216 0.582771 2.39949e-005 4.48622e-005 0.000316104 0.583552 
0.666628 0.129428 0.129899 0.13194 0.146424 0.685492 0.117873 0.112083 
1.49226e-005 1.45162e-005 0.583574 0.58571 0.000844321 0.583415 0.000177789 1.08692e-005 
0.115501 0.114581 0.138582 0.124136 0.159736 0.679682 0.11401 0.673625 
6.87275e-005 7.61777e-005 1.00803 0.000204088 5.35977e-005 1.48165e-005 7.39024e-006 4.63153e-006 
0.69148 0.134312 0.13497 0.656582 0.136551 0.137181 0.115716 0.135236 
1.6552e-007 9.07876e-005 3.00099e-005 1.31726e-007 0.000145409 0.446321 1.72322e-005 0.901097 
0.584114 0.000588663 0.578761 0.580707 0.000400513 0.000726846 0.000445864 4.02783e-005 
7.19581e-008 1.99676e-006 6.49639e-009 5.95383e-008 1.6144e-008 4.64231e-009 0.45065 0.900135 
2.15686e-005 4.22898e-005 2.97567e-007 0.582388 1.22519e-005 0.583398 0.582336 0.000175312 
1.64158e-006 1.50954e-006 2.17655e-006 0.448397 3.31863e-005 9.58235e-006 8.41529e-005 0.902733 
0.000639081 0.455985 0.000664857 0.00022514 0.000471556 0.902744 0.00015244 4.92621e-005 
0.00461205 0.58443 0.000951881 0.579309 0.580228 0.000102092 0.000352121 0.00146115 
2.34378e-006 4.28887e-005 2.07238e-005 4.86711e-005 0.904698 0.448008 6.6487e-005 3.98789e-005 
0.677096 0.143128 0.122447 0.146652 0.144699 0.126208 0.123403 0.679677 
1.77828e-005 0.000424561 0.454924 0.000211827 0.000188254 1.65165e-005 0.9122 1.42001e-005 
2.87249e-005 0.000470427 0.580608 0.000161413 3.18542e-005 1.04675e-006 0.578639 0.581505 
0.000320394 0.911735 0.000230408 0.000151605 3.48733e-006 0.000108739 6.24851e-005 0.449172 
1.09506e-007 2.29687e-008 1.1113e-005 0.582059 0.581937 0.577763 0.000142955 0.000268947 
0.118522 0.11987 0.964826 0.104893 0.110431 0.105462 0.139165 0.111723 
1.40708e-006 6.04215e-009 4.61619e-007 1.32558e-006 0.000349612 0.896569 0.00021872 0.451932 
0.00048076 0.0004713 7.85219e-006 4.99965e-007 0.583366 0.581672 4.06962e-005 0.580861 
1.9857e-007 0.000100366 6.78905e-006 5.5924e-008 1.00921 7.52568e-006 7.78378e-006 5.4289e-006 
0.00116762 0.904019 6.08038e-005 0.0022218 0.000281988 0.000618504 0.445862 0.000452351 
0.111438 0.111128 0.134145 0.12154 0.156734 0.674343 0.68105 0.139343 
0.000318226 0.900604 0.000508031 0.448946 2.49618e-006 0.00033246 0.000153929 0.00012309 
0.452077 0.001016 6.06383e-005 0.000289856 2.32062e-005 2.97594e-006 9.31925e-005 0.899498 
0.136846 0.665103 0.124917 0.68453 0.134773 0.12805 0.143553 0.111552 
0.588547 0.00145329 1.75359e-006 0.00227549 0.000274655 2.85943e-005 0.582554 0.581245 
0.583474 0.588234 4.9409e-005 0.000148986 0.000507005 3.67648e-005 0.000680105 0.581913 
0.684444 0.129931 0.115785 0.14626 0.143122 0.12839 0.68006 0.105834 
1.12266e-007 2.09742e-006 3.3307e-010 1.70093e-008 6.62121e-008 5.00589e-009 1.00519 1.84758e-006 
0.108035 0.110241 0.0922912 0.967643 0.112939 0.108221 0.10486 0.0956223 
0.000386804 3.44882e-006 0.582801 0.582995 0.00519564 4.81807e-005 0.576993 0.00026969 
0.583697 0.592699 1.63253e-005 0.00021151 5.1855e-005 2.2838e-005 0.579165 4.08286e-005 
1.00761 0.00149594 0.000139673 0.00020561 5.38229e-005 5.49889e-005 7.68258e-006 4.77721e-006 
9.46954e-006 0.000359483 0.581487 0.582014 0.586249 0.000281273 1.66166e-005 0.000200783 
0.449884 0.00248252 0.00116977 0.000392604 0.000446916 2.07035e-005 0.90179 4.45701e-005 
0.000545579 2.7223e-005 0.580056 0.000629698 0.000860856 0.580569 0.581688 5.76619e-006 
0.122782 0.127061 0.11914 0.149657 0.67057 0.151541 0.68821 0.139152 
0.592108 0.000680167 7.7157e-005 0.000291602 0.587988 0.581387 0.000152627 0.000144826 
0.000421008 0.000428665 0.000585652 0.581265 1.72456e-005 1.17934e-005 0.578842 0.58511 
0.128973 0.123242 0.678548 0.145298 0.137254 0.135384 0.112306 0.670688 
3.90227e-005 0.585956 1.14405e-005 0.577391 0.00110892 0.000556455 0.58262 3.02107e-006 
0.677843 0.130291 0.682852 0.104015 0.119767 0.130835 0.146587 0.105769 
2.73387e-009 2.80868e-009 2.98501e-009 3.59723e-009 2.61276e-008 2.85443e-009 1.02655e-011 1.00697 
0.903283 6.78411e-007 0.444939 6.65251e-005 0.000157804 0.000124979 4.57526e-005 3.9143e-005 
0.677178 0.675019 0.135973 0.122204 0.127845 0.130167 0.14493 0.135218 
0.121233 0.128753 0.673354 0.669254 0.13918 0.163555 0.132094 0.139127 
0.584015 1.22196e-005 0.000306269 0.000271669 0.58763 1.17956e-005 0.583709 0.00019114 
0.000838869 0.000872839 0.579292 0.000246746 0.586475 0.000774104 0.580571 4.28029e-005 
0.129467 0.129193 0.11144 0.122619 0.163192 0.141729 0.675331 0.673764 
0.581068 0.00110464 0.58367 0.000129586 4.48584e-005 0.579435 0.000207989 0.000172767 
2.61547e-007 1.88967e-005 1.42786e-005 1.70499e-005 0.452216 0.000263756 3.07502e-005 0.904932 
2.81158e-005 0.583024 0.580911 0.580265 0.000298231 0.00109146 0.00220469 7.82358e-005 
0.000263099 0.582849 0.580352 0.00025356 2.18392e-005 0.578878 0.000226934 0.000126222 
0.136206 0.145796 0.681479 0.115064 0.152455 0.6633 0.145549 0.127938 
2.72607e-005 0.000174697 8.11047e-007 8.7529e-008 8.15769e-007 1.00264 7.46983e-006 5.71343e-006 
2.015e-005 0.000103448 4.00806e-007 5.07562e-006 0.903257 5.40282e-005 0.446528 5.45424e-006 
0.12882 0.137107 0.113523 0.68229 0.135891 0.674526 0.120498 0.134437 
0.57919 0.588058 0.00116086 0.000161265 0.584485 0.000101903 3.92559e-005 1.26554e-006 
0.906315 0.000297057 8.75723e-005 0.454819 0.00134204 0.000731092 1.23788e-005 4.10347e-005 
0.00012932 7.31998e-006 3.31493e-007 0.000131208 0.585582 2.09588e-005 0.579493 0.579611 
0.585183 0.00052447 5.79245e-005 0.580036 0.580957 0.000102221 0.000352563 4.05041e-005 
0.0730488 0.0763698 0.0936477 0.0932725 0.691853 0.692198 0.117802 0.126566 
0.000347306 0.000368221 0.450782 0.899706 2.77836e-005 0.000243682 0.000255189 1.25682e-007 
1.82514e-008 5.98403e-007 6.05469e-007 0.00177994 3.25377e-005 0.582494 0.581916 0.584335 
0.585231 0.00139551 0.000247464 0.000382615 0.582647 0.000216681 2.14886e-007 0.579207 
3.73343e-005 0.582039 1.59879e-005 0.580194 0.00021927 0.58429 4.41857e-005 5.12658e-006 
0.900851 0.449711 0.000138029 0.000853595 0.000256545 0.000598585 0.000241661 4.06665e-005 
0.00171154 0.454542 7.16536e-005 0.000208955 0.901911 0.000102208 0.000439442 7.52839e-006 
2.74575e-005 0.000280977 0.453337 0.000753376 0.000459416 7.48029e-005 6.46162e-006 0.902005 
3.07186e-011 1.42682e-008 4.55969e-006 0.450737 0.000128777 0.898095 4.24233e-005 1.6726e-005 
3.71821e-006 3.19798e-009 1.44128e-008 1.00733 7.89432e-005 2.14075e-005 1.21647e-005 9.93859e-005 
0.140553 0.683117 0.661532 0.147888 0.134817 0.128092 0.140176 0.111534 
0.0961812 0.0990091 0.104883 0.117014 0.967438 0.10813 0.105047 0.111286 
0.00109943 0.452815 0.000324028 0.000752511 9.19362e-005 7.4717e-005 9.32958e-005 0.900969 
6.55901e-005 0.00260362 0.584207 0.000116681 0.58442 0.583848 7.32422e-006 1.39118e-006 
0.11042 0.676105 0.123636 0.138202 0.680699 0.14016 0.118002 0.135789 
0.903213 0.000272027 0.000332986 0.0012052 9.73298e-005 0.000102686 0.445689 0.000459814 
0.588369 0.00518109 0.000290642 0.588919 0.00148254 0.000574394 0.58973 0.000204359 
0.0991094 0.104321 0.118596 0.11579 0.11121 0.968689 0.114617 0.102732 
8.31482e-007 1.31259e-005 3.98728e-007 5.83077e-007 6.28118e-007 4.44542e-009 0.89995 0.450137 
4.28034e-005 5.34005e-005 0.00215407 0.582501 0.000291725 0.58415 9.54729e-008 0.579349 
0.00196874 6.13595e-006 0.00074608 0.578874 0.581312 1.0686e-005 0.000116288 0.583737 
0.000901304 0.456384 0.909171 0.000145063 0.000316757 4.56175e-005 0.000373881 2.8768e-005 
0.583969 0.00145245 0.00058534 0.00225881 0.000284856 0.5826 0.580961 4.05988e-005 
0.145485 0.139345 0.155571 0.160686 0.674188 0.101073 0.108925 0.671791 
0.580596 0.00259318 5.80073e-005 0.57875 0.000218727 0.582842 4.79433e-005 3.97045e-005 
0.585561 0.000325622 0.584573 0.000208175 0.000966179 2.2869e-005 0.000310952 0.584736 
0.000146827 2.06391e-007 0.000143898 0.451792 4.3343e-005 0.000138166 0.899065 0.000111766 
0.000591025 0.456763 3.08817e-005 0.903529 0.000352673 0.0023973 0.000819481 7.03585e-005 
2.78523e-011 4.05798e-009 5.41242e-007 0.447003 0.90248 2.13632e-005 0.000165579 2.05077e-006 
0.000250045 0.588176 3.06232e-005 0.000246581 0.581397 0.577765 0.00145168 3.74907e-005 
0.00231351 3.20696e-007 0.934288 0.000393053 0.470256 0.000709381 0.000165698 0.000457665 
0.000305398 0.903151 0.44505 0.000151222 0.00021869 5.47972e-005 0.00118031 0.000125772 
0.000119949 0.582699 0.576159 0.000837479 0.583718 0.000111645 6.25766e-005 0.000122037 
4.0063e-005 0.000167161 0.00016746 0.902921 0.000521638 0.452585 8.72867e-005 1.08488e-005 
0.000113264 0.588165 0.000756576 0.000767408 0.000393697 0.585615 2.90706e-005 0.581761 
0.455056 0.000445126 0.00068003 0.00022469 3.09965e-005 0.900905 0.000153376 7.69169e-006 
0.000110307 5.90732e-005 0.446562 6.58455e-005 0.900918 4.06449e-005 2.23963e-005 1.19976e-006 
0.000146833 0.455916 0.000991804 0.000611829 0.000291937 0.000194649 0.896818 0.000549975 
0.102483 0.665784 0.130024 0.11552 0.136712 0.6996 0.101298 0.111649 
1.33459e-005 0.00129738 4.57703e-005 1.46394e-006 0.452441 5.14381e-005 0.899982 3.09818e-005 
0.934951 0.000129602 6.78631e-005 0.000393331 0.469064 0.000709418 0.000165707 0.000458633 
0.000100904 0.90251 0.001454 0.000524467 0.00128044 0.445399 4.45274e-005 1.16392e-005 
0.0815962 0.0864612 0.0708574 0.0842204 0.138101 0.105135 0.139287 0.967355 
8.91354e-007 8.93628e-007 0.000286993 3.34383e-008 0.900167 9.43543e-005 1.61082e-005 0.448129 
0.000196668 0.58546 0.577442 0.0001283 2.61072e-005 0.000316093 0.580574 0.00144634 
2.32355e-006 3.26831e-008 5.58911e-005 5.27657e-007 0.591459 0.582802 0.58526 4.9968e-005 
0.000235258 0.583179 0.5824 0.000126656 0.00219094 4.48432e-005 0.000383832 0.578834 
0.450952 0.00114848 0.000117252 0.000223136 0.898921 0.000195772 0.000148999 5.28566e-006 
0.000440745 1.03035e-005 0.904079 0.000372122 2.56579e-005 0.451364 6.29992e-006 3.78615e-005 
0.137513 0.148253 0.118424 0.679453 0.677711 0.112664 0.134338 0.150982 
0.00119008 0.000214874 0.901168 0.450665 0.000103037 0.000166404 6.91919e-006 0.000454305 
0.580018 0.000570122 0.584035 0.000857231 5.53015e-005 0.000366115 0.58137 0.000413705 
1.25158e-005 1.76953e-007 4.44374e-005 1.29113e-006 0.455024 0.900755 4.485e-005 0.000331768 
0.580502 0.589377 0.00117206 0.580576 0.000261785 7.36958e-005 0.000249612 3.90435e-005 
0.00123103 8.21349e-006 0.585691 0.000116958 0.585472 1.27045e-006 0.0003122 0.581744 
0.098902 0.963463 0.11109 0.120239 0.130717 0.13585 0.101849 0.103338 
0.000135388 0.00620276 0.000204364 0.586487 0.590134 0.000102642 0.582004 7.96172e-005 
3.00059e-005 0.00101701 0.900776 0.000157712 9.4153e-005 0.000109411 3.13947e-005 0.450476 
0.447637 0.904368 0.000453462 0.000409735 0.000400089 0.000715643 6.27542e-006 0.0003788 
0.128029 0.128239 0.680991 0.139901 0.67791 0.131491 0.122733 0.133484 
0.451241 0.00030484 0.000114624 0.901006 0.000513107 7.96195e-005 0.000148798 3.89732e-005 
1.37129e-007 7.53758e-005 5.70044e-005 0.91019 1.14935e-005 0.000238742 0.45007 4.55e-005 
0.000699147 0.904188 0.000235098 0.00012973 0.448576 0.000192793 3.37763e-005 0.000305975 
0.136042 0.693225 0.126372 0.144083 0.145986 0.140791 0.650137 0.138808 
0.109696 0.68458 0.127937 0.143618 0.123137 0.126573 0.111748 0.675959 
0.96191 0.0815225 0.105101 0.0791713 0.103324 0.134807 0.144955 0.110892 
0.000920996 0.586092 0.000246399 0.000289426 0.583438 0.000161664 0.578652 7.95972e-005 
0.000370856 0.00371871 0.579415 0.584602 0.000125798 0.000136119 3.11451e-005 0.577842 
0.000150812 0.58552 0.000581686 0.581107 0.000209107 9.32837e-005 0.000752026 0.57913 
0.000726033 0.00071494 0.900783 0.000243305 0.000154162 6.59339e-005 0.450766 1.38614e-007 
6.59378e-007 0.000216555 0.582521 9.28088e-005 0.000687313 0.584704 5.03036e-005 0.579597 

