2.16615e-005 7.27384e-006 8.06261e-005 1.51437e-005 1.13013e-005 9.70409e-006 0.450948 0.901676 
0.584545 0.587648 0.00117922 0.00150222 0.000301574 0.000622975 3.22343e-005 0.578481 
0.128033 0.0909654 0.129992 0.967454 0.111281 0.0742109 0.10307 0.115515 
0.595283 0.59603 0.559163 0.00315818 0.00211965 0.00125506 0.000585517 0.00402529 
0.106531 0.10516 0.0837928 0.127121 0.678749 0.146353 0.691414 0.111427 
0.00103418 0.000106743 0.590107 0.000770941 0.000720757 0.58508 0.0013774 0.583875 
7.83655e-005 0.00114231 0.900794 0.000170583 0.000886318 4.75059e-006 0.00121936 0.448097 
0.00103906 0.000181551 2.57156e-005 4.43512e-006 0.581557 0.000168351 0.581029 0.582679 
1.0064 0.000935664 0.000160026 0.00120588 1.42332e-005 0.00047935 1.1267e-005 7.56041e-005 
1.53446e-007 0.00152675 2.18568e-005 0.583164 6.02117e-005 0.587974 3.36205e-005 0.589135 
0.108793 0.108675 0.723949 0.0815918 0.118027 0.132082 0.654112 0.115365 
0.1637 0.168783 0.139902 0.117298 0.184638 0.687944 0.0809582 0.649847 
0.00110947 0.000957197 0.904518 0.00164425 0.450172 0.000446199 0.000728098 0.000228172 
0.000711639 0.584672 0.587295 0.00206226 0.000224147 0.576341 0.00046536 2.84357e-005 
7.69599e-005 0.589229 0.00108419 0.000244019 4.79645e-005 3.84249e-005 0.587664 0.580368 
1.18302e-005 0.00043285 1.0133 0.000294658 0.000154699 8.8873e-005 5.24718e-005 6.95746e-006 
0.0581418 0.69076 0.148477 0.0751276 0.68056 0.114716 0.130828 0.130657 
0.000417103 0.000414617 0.585549 0.000157748 0.585669 0.000597818 0.000133592 0.581428 
0.00236933 0.588189 0.000652074 0.000273777 0.585384 0.577238 0.000473594 5.02071e-005 
0.906137 0.000636398 0.00159648 0.000190234 0.000162842 0.448423 7.93038e-005 0.00017793 
0.00385953 0.604695 0.559819 0.000150849 0.584798 5.6876e-005 0.000704233 0.000148178 
0.450852 9.9468e-005 0.903342 0.000474132 0.000130083 0.000481554 0.000718289 0.000111149 
0.905548 0.000864999 0.444073 3.92866e-005 0.00018038 2.53866e-005 0.00127828 3.21665e-006 
0.146958 0.093689 0.117011 0.104773 0.162723 0.715773 0.641104 0.129609 
0.000130156 0.00385253 0.586217 0.588119 0.000243121 0.000199238 0.000533412 0.585787 
2.31187e-007 1.95615e-007 1.13095e-008 0.00073872 0.452577 1.88295e-005 2.03417e-006 0.901644 
0.105363 0.100023 0.190674 0.15625 0.688362 0.65981 0.101816 0.122143 
0.594818 0.0113924 0.000698886 0.00162643 0.573224 3.82235e-005 0.582802 0.000126742 
2.78689e-006 0.000691871 0.586604 0.000273037 0.583801 0.575678 0.000472314 5.00714e-005 
0.00351139 3.26591e-006 5.58341e-007 0.897394 0.455066 0.000479248 3.63244e-006 0.000212807 
0.0689008 0.70824 0.146484 0.664924 0.131004 0.115589 0.117189 0.132537 
0.584879 0.587741 0.000961145 0.00221311 0.00139054 0.000184189 0.586731 8.10181e-005 
1.83932e-005 0.000362314 0.000342127 0.903821 5.55359e-005 0.000111268 2.95527e-005 0.449015 
0.143338 0.0815132 0.14325 0.669598 0.132945 0.696429 0.0872082 0.136758 
0.000125457 0.590651 0.00167069 0.000167697 0.582993 0.000280971 0.000563312 0.58222 
0.586709 0.000339418 0.00141493 0.000242976 0.00100982 0.000130178 0.582864 0.586416 
0.584389 0.000386919 0.587011 0.000179614 0.000147591 0.573839 0.000284932 2.81786e-005 
0.0030212 0.580911 0.00102421 3.99609e-005 0.000227673 0.581841 0.0010448 0.585519 
0.907542 0.0129426 0.00159956 0.441457 7.97415e-005 0.000687978 0.000450492 1.79992e-005 
8.93813e-005 1.58631e-005 0.00106737 1.68674e-005 0.584427 0.585211 0.582119 0.000557778 
5.86396e-011 2.20611e-008 6.09663e-011 1.61227e-009 1.88501e-009 3.90623e-013 1.55095e-008 1.01069 
0.587611 0.589734 0.00693839 0.000988202 0.000220049 0.58079 6.9279e-005 2.86298e-005 
0.906194 0.00031891 1.24998e-005 0.000205832 0.000137961 8.0657e-005 0.448747 2.7969e-005 
0.688115 0.132809 0.174243 0.137108 0.101254 0.135411 0.0944385 0.663367 
4.49925e-007 0.0014621 0.902536 0.458152 0.000491199 0.000124081 0.000687159 0.000159205 
0.0958933 0.711257 0.147467 0.122885 0.0836111 0.661772 0.124425 0.123772 
0.155083 0.152327 0.0565812 0.709056 0.11803 0.123281 0.652191 0.125675 
0.00106203 0.0053914 0.451671 0.905243 1.62848e-005 0.00047317 9.38816e-007 0.00126064 
0.127971 0.153753 0.7307 0.626164 0.093814 0.126494 0.099658 0.139422 
0.905973 0.454747 0.000221466 0.00179787 0.000160678 0.000101029 0.00127909 7.4826e-005 
4.62953e-005 0.589846 0.00165446 5.86634e-005 0.581833 0.000560569 0.585173 0.000204376 
1.20323e-005 0.00181426 3.94012e-005 0.45494 0.000314048 0.90641 4.00131e-005 0.000690406 
2.49519e-005 0.0039291 9.55545e-005 4.58888e-005 0.581727 0.583981 0.000576194 0.582285 
3.47783e-005 0.00199844 0.58643 0.000242861 6.51248e-005 0.000136157 0.584876 0.580572 
0.708738 0.0846272 0.141526 0.155888 0.651192 0.120684 0.112009 0.16107 
0.00187867 0.57903 0.000369159 0.590236 0.000131152 0.576794 0.000525639 4.27646e-005 
0.0970262 0.0993338 0.093747 0.124221 0.112843 0.0809345 0.111178 0.970916 
0.590401 0.00324793 0.00124154 0.580194 0.00330775 0.000129871 5.49793e-005 0.584711 
7.49174e-006 1.88677e-007 8.07452e-007 2.37614e-009 4.64023e-008 1.0118 8.90279e-008 9.89298e-006 
0.000231823 0.000448782 6.81192e-007 0.584809 0.000542978 0.575407 0.580113 0.000317573 
2.55848e-005 0.000570938 0.458215 0.000816776 1.276e-005 0.00172587 0.000149104 0.902157 
0.911022 0.00137869 0.00216885 0.00237677 0.453497 0.000739279 7.53007e-005 0.000539487 
0.000486488 0.000212693 7.58579e-006 0.902297 4.70384e-005 0.45395 0.000706757 8.54078e-005 
0.118828 0.11908 0.116376 0.677737 0.154067 0.119118 0.123573 0.681762 
0.0828366 0.9834 0.092875 0.0974476 0.0771538 0.0820933 0.0987081 0.0980667 
0.122306 0.128234 0.1377 0.147087 0.161083 0.151164 0.673881 0.668547 
0.00320851 0.592609 0.0012731 0.578347 0.00155027 0.000609197 3.22029e-005 0.582783 
0.727052 0.0872087 0.172088 0.136712 0.0977079 0.0768268 0.639696 0.117138 
0.000664015 1.00893 0.00021571 0.000312485 0.000118224 0.00057127 0.000526819 0.000290696 
0.595355 0.00201973 0.584428 0.585152 6.06002e-005 0.00013471 0.00971158 0.000119623 
0.000701229 0.908823 0.00162494 0.0028828 2.91582e-005 0.000247668 0.437148 7.32896e-005 
0.576548 0.587082 0.000952614 0.588597 1.17576e-005 0.000467136 9.25039e-005 0.000536 
0.00567952 0.00553721 0.584302 0.58218 0.00646077 0.00477607 0.585984 0.000545795 
1.28302e-007 1.66808e-008 6.33923e-008 2.33552e-010 9.71647e-009 2.72696e-012 1.01066 3.67231e-009 
0.592151 0.000665181 0.00115473 0.00493823 0.000236002 0.577591 6.94369e-005 0.580817 
0.588269 0.00396242 0.00117577 0.57704 0.593869 0.000762 2.37286e-005 0.000553061 
0.00561045 0.907196 0.444889 3.93588e-005 0.000180712 2.48285e-005 0.00128101 9.63513e-006 
0.584467 0.00903258 0.0026141 0.000181298 0.00101715 0.58882 0.583792 0.000121535 
3.43934e-006 1.7364e-006 9.75825e-005 1.01267 1.47145e-005 4.55489e-005 9.43922e-006 2.96511e-005 
8.06492e-007 3.04153e-006 0.000776869 4.66279e-005 0.902937 0.000246206 0.452442 7.60682e-005 
2.4378e-005 0.00156212 0.00310189 0.450271 0.907373 0.00127593 5.63831e-006 0.000109436 
6.36953e-006 3.43172e-007 1.78649e-007 0.00276818 0.905659 0.451868 0.00119901 6.06903e-005 
9.10013e-009 7.26567e-006 7.67783e-007 0.000846194 0.455992 0.9085 4.01054e-005 0.000691998 
0.000221898 3.43221e-006 0.584535 0.000169977 0.00101713 0.588812 0.583784 0.000282814 
0.00506352 0.000210603 0.000207132 0.582365 0.00177222 6.50142e-005 0.582441 0.584517 
0.000924647 0.00023455 0.576958 1.95683e-005 0.590511 0.000372101 0.581858 2.21961e-005 
1.52341e-009 1.3097e-005 0.904225 9.96981e-005 0.00261435 0.452177 0.00138504 8.09649e-005 
0.118718 0.115106 0.103595 0.0818025 0.10938 0.972452 0.0991707 0.113082 
2.8744e-006 5.56449e-006 1.55881e-009 0.000916782 7.20302e-005 0.897549 5.92155e-005 0.451796 
0.108495 0.0671051 0.102184 0.0507381 0.118098 0.145419 0.973741 0.114125 
0.59091 0.000559711 7.59471e-005 0.589073 0.000494561 0.586513 0.000453171 1.36898e-005 
3.13604e-007 1.64775e-005 0.000237306 0.453217 0.000286388 3.42645e-005 2.03705e-006 0.90292 
0.443116 0.00199504 0.000713227 0.906241 1.42215e-005 0.000480481 1.12936e-005 0.000224977 
0.00238072 0.592874 0.587573 0.00154608 0.00040828 0.000347793 0.571291 0.000180028 
0.123199 0.112588 0.723673 0.119907 0.0991403 0.643143 0.10134 0.140335 
0.00239893 0.0024443 0.584967 0.5866 1.56349e-007 0.58254 2.0324e-005 0.000685171 
0.674259 0.131374 0.108492 0.133583 0.0860466 0.69316 0.113338 0.132814 
0.00172315 0.452826 0.000194886 0.000113101 6.93988e-005 0.00177044 0.907665 1.7893e-005 
0.453143 0.00168221 0.000529788 0.000814011 0.000266865 0.000303436 0.908296 0.00169479 
0.972919 0.114775 0.0943216 0.10387 0.113277 0.0848411 0.100628 0.113129 
1.69535e-007 1.2964e-005 2.04931e-007 2.20615e-006 0.453763 0.000426054 0.903492 1.88674e-005 
0.129203 0.154034 0.711895 0.131668 0.065239 0.0965958 0.0673346 0.660345 
0.0030637 0.5904 0.578199 3.96977e-005 0.000188696 0.000601319 0.00267575 0.580261 
0.590932 0.00128585 0.00122614 0.000842822 0.577612 0.585741 0.00132761 3.09574e-006 
0.457485 0.00133623 0.00110796 0.000219692 0.000587278 0.000333625 0.000322533 0.902409 
0.131395 0.158684 0.955487 0.113751 0.127667 0.124333 0.0860232 0.115052 
0.000498793 0.911012 0.00733694 0.000367625 0.000203233 0.447315 0.000941945 0.00237719 
2.54938e-006 6.51391e-008 0.00015132 0.450645 0.000110344 5.01614e-005 0.901857 0.00408079 
0.000350194 0.455087 0.906126 0.000171894 8.13727e-005 3.71771e-005 0.000899697 3.14087e-005 
8.68333e-007 0.000297572 5.71301e-006 0.583551 0.585706 0.582448 1.23462e-005 0.000215124 
0.00694081 0.90612 0.00159694 0.445022 7.96103e-005 0.000688134 0.000450594 2.60444e-005 
0.695721 0.12325 0.145489 0.663007 0.127703 0.129148 0.118042 0.123982 
0.012194 0.58112 0.00115798 0.58155 0.592555 0.000760315 2.36761e-005 0.00266771 
0.0130096 0.90984 0.0014556 0.000369887 0.453905 0.000496243 0.000698814 0.00363383 
0.449811 0.00118272 0.00108122 0.000119637 0.911033 0.000282551 0.000778866 0.000356675 
0.583469 0.00038631 0.585872 0.00150343 0.000152225 0.000360537 0.581555 2.81262e-005 
0.000253878 0.451507 0.000359575 0.000192943 0.907064 0.00165963 0.000697673 0.0025646 
0.145192 0.660865 0.700294 0.111468 0.0849087 0.125091 0.131306 0.129826 
0.000191806 0.584649 0.576945 0.594943 0.000107025 0.00012763 0.000103394 0.00750847 
0.000516569 0.000509445 0.456155 0.00132822 1.51695e-006 0.901543 0.000456012 0.000602514 
0.675791 0.122338 0.690675 0.0738641 0.133465 0.125775 0.113178 0.13687 
0.00388733 7.44527e-005 4.56745e-006 0.584707 0.586602 3.83206e-005 0.584283 0.00126755 
0.00229552 0.000602117 0.90682 0.000274617 1.77174e-005 0.000371924 0.451641 3.24644e-005 
0.00186872 0.582481 0.000168801 7.01139e-005 9.33495e-007 0.583975 0.58278 7.33568e-005 
3.31621e-011 1.45168e-008 3.18602e-010 3.50705e-005 1.01401 4.29845e-005 4.55902e-006 0.00010955 
0.000481191 5.03988e-005 0.00051093 3.93339e-005 1.05833e-005 0.449522 0.902346 0.000106603 
0.145602 0.14838 0.674026 0.0977765 0.684129 0.12616 0.102006 0.140147 
0.00179464 0.455615 7.85977e-005 0.898006 1.53582e-005 0.000477925 1.12734e-005 2.4846e-005 
0.452574 0.001657 0.000949082 0.00199128 0.00158554 0.903624 0.000477028 0.000107772 
0.00108646 0.903713 0.00141964 0.00287054 0.00189431 0.00112098 0.000520905 0.452258 
0.0695099 0.131513 0.1121 0.12973 0.973355 0.0838236 0.112386 0.112795 
0.000905568 0.458054 0.000766765 0.000210244 4.82574e-005 3.74784e-005 0.000348837 0.903527 
0.59185 0.00230895 0.00123515 0.00120782 0.581556 0.00456494 8.94703e-005 0.578714 
0.670125 0.687465 0.140873 0.103067 0.108991 0.145836 0.1415 0.1155 
0.00318465 0.588202 0.00126364 0.574046 0.000408107 0.000396626 0.583555 0.00375098 
8.53503e-006 0.000674573 0.449387 0.000184227 0.906697 0.000348481 0.000229128 0.000556935 
1.1006e-007 0.000376342 6.94801e-007 0.58379 0.585882 0.000230584 0.000635073 0.586617 
0.107187 0.694453 0.170766 0.127601 0.115515 0.129288 0.0802767 0.668184 
0.570901 0.00246727 0.593622 0.00208418 0.584478 0.000108593 0.000164343 0.00239453 
1.13711e-005 9.14518e-007 7.70902e-006 1.09633e-007 3.09069e-008 0.584719 0.587208 0.581858 
2.1506e-006 9.89256e-008 7.61292e-006 1.93085e-006 4.58155e-008 8.40465e-006 0.900505 0.450021 
0.10164 0.0986982 0.0787508 0.117641 0.720182 0.15355 0.109381 0.649964 
0.131566 0.134562 0.140696 0.650278 0.709705 0.1348 0.125378 0.124108 
0.584591 0.000558864 0.000176493 0.582527 0.00126175 0.000136439 0.587384 0.00124243 
0.000299431 0.452725 0.00012959 0.000140218 5.30495e-005 0.904778 0.000460316 0.000291501 
0.589757 0.000722155 0.577297 0.000414916 0.000332165 0.00438378 0.000978448 0.579255 
8.76618e-005 2.22075e-006 1.13289e-007 0.905599 4.13502e-005 1.91068e-005 0.457636 8.136e-005 
0.0917131 0.712216 0.149196 0.129544 0.0865569 0.0748804 0.657831 0.149836 
0.000328373 1.39994e-005 0.000320827 2.94162e-007 6.80912e-005 0.903325 0.451115 3.12574e-007 
9.08091e-006 2.2798e-009 6.17231e-007 0.00164358 0.00168959 0.452071 0.000114039 0.906273 
0.000115973 1.81512e-006 0.577732 0.590337 0.586206 0.000141901 5.16985e-005 0.000172573 
0.91038 0.00337963 0.00106436 0.000407981 0.000536139 0.000609613 1.30262e-005 0.449454 
5.17595e-007 1.23845e-005 0.453602 0.000353583 4.63749e-005 0.000105105 0.900529 6.06196e-006 
0.585213 0.586376 0.00175824 0.000214203 0.583387 0.000699852 0.000155893 0.000537035 
0.473315 0.896954 0.00217398 0.000242423 0.00631004 0.000679127 0.000928305 0.00562807 
4.56824e-005 3.89869e-005 9.55612e-007 9.4155e-008 0.901115 3.73602e-005 2.65607e-005 0.446779 

