0.000289165 0.45849 8.28313e-005 0.00066177 0.000160074 3.60477e-005 0.000307812 0.904033 
0.000233494 1.23488e-006 0.000839351 0.588876 0.584784 0.000104235 0.583185 0.000199033 
0.000149043 0.592233 0.00175481 0.586698 0.000570037 0.000431697 9.0684e-005 0.584028 
0.000107688 0.00252533 0.585588 0.000887972 0.588298 9.47668e-005 0.582088 0.000210974 
0.00184453 2.87443e-005 2.83665e-006 0.590379 1.3518e-005 0.588606 0.585829 0.000500632 
0.110061 0.110987 0.064445 0.115174 0.111223 0.97488 0.106454 0.112594 
2.97219e-005 0.000959043 0.905839 0.454652 2.07274e-005 6.12986e-005 0.000169668 0.000230881 
3.09983e-007 0.000151293 0.456229 3.68572e-005 3.27766e-006 0.904993 0.000170493 0.000230887 
0.0863863 0.983626 0.0961219 0.114897 0.121663 0.117104 0.100858 0.0948144 
0.588879 5.57245e-005 0.000197755 0.000523711 0.00103294 0.590261 0.587617 0.000326868 
0.00105005 0.589307 0.0059208 0.00018055 0.000917087 0.585628 0.583904 1.79666e-005 
0.588517 0.000419473 0.000197405 0.00022226 0.000163579 0.586294 0.000132686 0.579927 
9.97361e-007 0.00143395 2.89277e-005 0.590244 0.588697 6.65846e-005 5.42714e-005 0.583115 
0.102585 0.104261 0.101183 0.11599 0.149912 0.696548 0.143775 0.677189 
0.679594 0.126369 0.135752 0.67384 0.161461 0.142356 0.147901 0.113358 
0.129191 0.66504 0.135104 0.121869 0.140447 0.126935 0.69016 0.122609 
0.000408717 0.587631 0.000274975 8.29837e-006 0.586089 6.62896e-005 5.44983e-005 0.581213 
4.68314e-007 4.84291e-007 1.02316e-008 0.00012831 0.456658 7.85946e-005 0.905429 5.6656e-006 
0.148168 0.136727 0.146115 0.67239 0.127644 0.139159 0.122287 0.683337 
8.6507e-007 8.6276e-005 0.000232202 0.455498 4.73285e-005 0.000222587 7.56904e-005 0.905952 
9.09624e-005 8.65521e-005 0.908343 6.54105e-005 0.000193229 2.04997e-005 0.453046 9.95259e-006 
0.000115965 3.45236e-006 0.908018 0.000649893 0.452919 0.000153481 0.000952375 0.00470699 
2.22667e-007 0.000156946 0.587376 0.000970365 0.00439978 0.00029197 0.585568 0.583865 
6.55335e-006 0.000232371 0.000169353 0.000675963 0.000131964 0.000689279 0.455114 0.911419 
1.70192e-006 0.000101909 9.59567e-005 1.73756e-008 0.000100459 0.906292 0.000150074 0.455162 
2.42923e-006 2.67352e-005 3.5866e-007 0.000525459 1.17272e-005 0.589668 0.58536 0.581303 
0.000611745 4.52285e-006 0.589668 0.584155 8.56271e-005 0.000585203 0.000136772 0.579793 
2.91406e-006 0.00237115 0.584385 0.00118716 2.29407e-005 0.5873 8.21511e-006 0.586153 
0.000446255 4.30478e-006 0.906623 0.00086499 0.000131132 0.000386506 0.000324432 0.452276 
0.000190342 2.04035e-006 0.903924 4.69649e-005 2.19171e-005 0.458437 0.00025815 0.000230897 
8.68777e-005 0.455649 0.000619838 0.00127745 7.23295e-005 0.898916 1.32043e-005 0.000325159 
0.586153 0.59134 6.46427e-005 0.000671867 3.35409e-005 0.00041532 0.000137503 0.58332 
1.06777e-007 0.000243693 0.457089 0.000102642 0.910744 9.61105e-005 7.23506e-005 0.00019927 
1.87665e-007 2.67161e-005 1.22687e-006 0.905881 5.60993e-006 0.453097 1.3404e-005 0.000196549 
0.000579043 0.913416 2.39465e-005 5.91154e-005 0.000319035 8.77752e-005 0.000586074 0.44919 
0.584999 0.594277 0.00116978 5.79494e-005 6.76832e-005 0.000532602 0.587039 9.28806e-005 
0.9115 0.453138 0.000551979 0.0004346 0.000158113 0.000645529 3.97124e-005 2.47214e-005 
1.49003e-005 0.000480144 0.453508 0.906184 2.07233e-005 6.12862e-005 0.000169634 0.000230864 
0.676496 0.131569 0.134504 0.151419 0.678407 0.137604 0.147419 0.117746 
0.585919 0.588535 0.00115959 0.000214096 0.000197329 0.579157 0.0015657 0.000211097 
1.97725e-006 1.98811e-006 4.71415e-011 0.000639358 0.455869 1.79258e-005 2.67498e-005 0.903977 
2.40917e-005 0.000463727 1.40573e-006 0.000281884 0.591015 0.588125 0.587618 0.000755046 
6.6941e-009 3.87361e-010 3.28721e-007 0.000707446 0.455886 0.909246 3.62691e-005 2.79521e-005 
0.1417 0.119914 0.131417 0.130872 0.686441 0.673518 0.113418 0.140465 
0.155294 0.128533 0.681622 0.130605 0.121089 0.123202 0.669442 0.125343 
9.79717e-005 0.458058 0.000313536 9.60521e-005 2.38281e-005 8.68994e-005 0.906726 0.000211127 
0.585849 0.580028 2.9458e-005 0.000364704 0.590153 4.00544e-005 0.00108364 6.99713e-005 
2.51505e-006 0.00129696 0.587254 0.585783 0.00112567 4.51792e-005 0.584555 1.48891e-005 
0.115737 0.11384 0.119197 0.182388 0.139497 0.68426 0.675084 0.126389 
0.908158 4.22468e-005 0.000809923 0.45272 0.000411156 9.67201e-005 2.5622e-005 1.27507e-005 
1.12029e-005 0.00634074 0.593223 0.591766 4.4983e-005 0.590869 0.000635308 2.10857e-005 
0.907643 0.000189383 0.000593716 6.97157e-005 6.42933e-005 6.49469e-005 0.451585 0.00076436 
0.589443 0.000473878 0.000463992 0.581039 2.78013e-005 9.44835e-006 0.000951585 0.583787 
0.000397885 1.09519e-006 6.0883e-008 5.79673e-007 0.000376658 0.452416 1.05489e-005 0.904695 
0.00114287 0.910073 0.000112706 0.000282866 0.45431 2.87763e-005 5.95393e-005 5.75022e-005 
8.90093e-007 2.58081e-005 0.587837 0.584381 0.585722 0.000130001 9.76977e-005 0.000198244 
0.124146 0.705785 0.14157 0.0849867 0.0886114 0.685559 0.101449 0.121502 
0.455906 6.67651e-006 5.31516e-005 0.908799 0.00041817 0.000876691 6.27776e-005 3.11919e-005 
0.12711 0.660305 0.677905 0.168427 0.157441 0.160495 0.144277 0.130969 
1.26444e-005 0.456361 0.906952 0.00069041 7.22588e-005 0.000360118 0.000672472 0.000207083 
0.594057 1.2887e-005 0.595599 0.000159385 0.000323067 0.000657953 0.592369 1.52152e-005 
0.587141 0.00194792 0.577224 0.587305 9.62959e-005 0.000638931 2.72916e-005 0.000330609 
0.000699173 0.45892 4.75575e-005 0.908019 0.000110582 0.000718942 0.000467588 2.38316e-006 
0.112386 0.120866 0.962495 0.106869 0.152961 0.101343 0.120709 0.112354 
3.89715e-010 8.58639e-009 3.0914e-008 1.67426e-008 6.55919e-009 3.44348e-008 1.0141 1.75306e-006 
3.7401e-007 1.98039e-005 0.00173065 0.455508 0.906936 3.13583e-005 0.000542206 7.86292e-005 
0.681676 0.131909 0.138464 0.121325 0.143817 0.120852 0.679242 0.123219 
0.912946 0.000396916 0.00196267 0.000329907 0.455119 0.00140995 0.00106541 0.000183799 
0.000524733 8.75358e-005 8.94578e-006 0.584385 0.589174 0.585665 0.000110874 0.00142741 
0.590062 0.00259767 0.000748999 0.000532035 0.582643 0.00049777 0.582485 0.000332183 
0.59282 0.00961083 0.0005309 0.589841 0.00151824 0.589732 2.48963e-005 0.000190623 
0.587308 0.000122459 3.32848e-005 0.591232 1.31482e-005 0.00117373 0.581669 5.14724e-006 
0.00241712 0.587128 0.000524364 0.590961 0.581634 0.000920188 0.000244362 0.00130098 
0.142644 0.685013 0.134993 0.136373 0.671846 0.132504 0.116782 0.139091 
0.00164571 0.458368 8.28097e-005 8.07069e-005 0.903328 7.9642e-005 0.000674052 0.00469957 
0.454896 0.000272897 0.00023895 5.50079e-005 5.73135e-005 0.905633 0.00182234 8.98891e-005 
7.66634e-007 1.55265e-005 1.60675e-005 0.000566535 0.909577 0.00014928 0.451757 0.00014119 
0.136884 0.12723 0.685129 0.68309 0.149349 0.121492 0.118358 0.128208 
0.000158046 0.589441 0.00190092 0.583801 3.11124e-005 8.96757e-005 0.581757 0.000142315 
0.108683 0.110157 0.105446 0.972739 0.112222 0.111396 0.10716 0.113198 
0.00136213 0.911179 9.44247e-005 0.452836 0.000110593 0.000719012 0.000467634 3.48412e-006 
0.112876 0.115962 0.111663 0.170909 0.184476 0.167621 0.942246 0.0989577 
0.583224 0.590076 0.583201 0.000217754 0.0013076 8.04881e-005 6.08702e-005 1.09421e-005 
0.683232 0.720031 0.0523302 0.106379 0.122069 0.117499 0.0743304 0.123903 
8.99633e-008 5.25087e-009 0.000244001 0.454955 2.23826e-005 0.907435 5.61892e-005 1.65206e-005 
0.587393 0.00147858 0.00127559 0.583943 0.58612 0.000193017 6.47614e-005 6.47887e-005 
0.665794 0.123213 0.682614 0.169597 0.158534 0.136085 0.116197 0.130845 
0.143368 0.682831 0.134637 0.672996 0.148234 0.135507 0.117439 0.126185 
0.0010303 2.87808e-006 0.45159 9.02262e-006 0.00084948 9.70482e-005 0.909008 0.000467766 
0.123347 0.125385 0.147835 0.68984 0.118261 0.123423 0.675658 0.1266 
0.000140712 0.591483 0.000275806 2.84957e-005 0.58332 9.51922e-005 0.582552 0.000211142 
2.1794e-005 0.00144342 2.0719e-005 0.00128851 0.586536 9.97967e-006 0.586946 0.585965 
0.00119233 0.587375 0.000257506 4.54079e-005 0.587304 0.57918 0.00189689 0.000232811 
0.904274 0.00039551 0.460668 0.00086436 0.000280253 5.56775e-005 0.000160067 1.32703e-005 
0.115776 0.115413 0.0615669 0.0929868 0.997099 0.100276 0.114738 0.106954 
2.68597e-005 2.34637e-005 9.98257e-005 0.589623 0.00102634 0.586296 1.87418e-005 0.582466 
1.16545e-005 0.0058557 0.591113 4.52112e-005 0.581534 0.582246 4.48813e-005 0.00231516 
2.49208e-008 0.00107539 1.01525 6.90381e-005 2.08736e-005 3.8635e-005 0.000171072 1.20723e-005 
0.000200424 0.000203162 4.52762e-006 1.32224e-007 2.50397e-005 0.45281 0.904617 7.32357e-006 
0.136217 0.13374 0.682234 0.139196 0.677698 0.129741 0.11517 0.123661 
0.000162129 0.000692656 1.38505e-005 4.06258e-007 0.906261 0.454802 3.6685e-005 2.61417e-005 
8.25633e-006 0.00343326 0.58525 0.000144657 0.000234848 0.589636 0.585506 0.000740244 
0.000162587 5.4071e-007 1.54147e-006 1.27308e-006 5.56137e-007 6.8279e-005 0.905237 0.452692 
0.452225 0.912958 0.000670361 0.000955476 7.68078e-005 0.000681267 3.94106e-005 0.000191417 
0.588444 0.00025214 0.00430552 0.00163528 0.591223 9.2139e-005 0.000168059 0.583813 
0.101607 0.1071 0.09959 0.680903 0.697528 0.11847 0.131292 0.119967 
0.450896 0.000196091 0.00015612 0.000100695 0.910223 9.72079e-005 0.000110612 0.000218236 
0.976086 0.108423 0.024981 0.101759 0.120045 0.108121 0.1055 0.122648 
1.51378e-006 1.87458e-005 1.79833e-005 0.907245 0.452318 0.000203939 6.59951e-005 9.45975e-005 
2.37344e-010 4.8805e-007 9.27126e-005 1.0141 7.58352e-005 3.00358e-006 0.000204592 5.63814e-005 
0.133161 0.135449 0.145296 0.135772 0.683142 0.143753 0.666834 0.140522 
0.000650431 0.589139 0.578193 0.584809 7.25338e-005 0.000639099 4.30729e-005 0.000334912 
0.000140546 0.593415 0.59186 0.000249191 0.591755 0.000125895 0.000240477 0.000141814 
0.00816978 0.905454 0.461287 0.000865523 0.00028063 3.68711e-005 0.000160282 1.21091e-005 
0.592809 0.00304151 0.000751786 0.000553099 0.600403 0.590755 6.41324e-005 8.07496e-006 
0.908291 0.000647924 0.000307564 0.000279248 0.000252244 7.15963e-005 0.000145798 0.45549 
0.145832 0.143322 0.148699 0.672179 0.132658 0.681031 0.137817 0.12912 
4.11651e-005 5.37999e-006 4.0378e-006 0.452439 4.0828e-005 3.88128e-006 0.905946 5.79601e-005 
0.000610278 0.592433 0.579589 0.000173575 1.58071e-005 0.00066013 0.58804 0.000268683 
0.114899 0.67635 0.134823 0.135908 0.14268 0.119642 0.14151 0.679568 
0.001179 0.591599 0.588526 0.000673369 0.000215795 2.70238e-005 1.48824e-005 0.57648 
0.0837958 0.0816477 0.0950592 0.107972 0.135026 0.116601 0.117968 0.971842 
0.000296601 0.911258 0.000185956 1.04442e-005 8.27584e-005 0.000461671 0.450381 0.000140236 
0.469933 0.00120764 0.000367648 0.000496098 0.000883987 9.52717e-005 0.945932 0.000489914 
3.8496e-008 3.2641e-006 3.5415e-006 4.30026e-006 2.93338e-006 0.905641 0.452717 2.42158e-005 
0.453964 2.42273e-005 6.90143e-005 9.11361e-006 3.50333e-005 9.73499e-005 9.35798e-006 0.908713 
0.00459968 7.52649e-006 1.75458e-006 0.587511 0.000254952 0.000296987 0.585106 0.583491 
0.58418 6.27793e-005 0.583447 0.00114516 7.74048e-005 0.000582892 0.000530412 0.586539 
1.0144 6.01587e-005 0.000124868 0.000311871 3.7476e-005 9.57356e-005 5.99549e-005 0.000718666 
5.21766e-006 5.304e-005 4.59433e-006 5.28876e-005 1.0134e-006 1.01381 2.35999e-005 5.15461e-006 
0.586266 0.591327 0.000284702 0.582819 0.00027724 0.00109199 0.000110716 0.000214211 
0.000359491 0.590699 4.58604e-005 0.000484597 2.28808e-005 2.20064e-005 0.585842 0.582859 
4.09603e-007 5.06584e-006 0.000194487 0.906089 0.000131054 0.000386278 5.84848e-005 0.451464 
0.677385 0.136039 0.144261 0.122107 0.134525 0.684924 0.125893 0.120982 
9.82293e-006 0.913297 7.40426e-006 0.000379103 0.000132623 0.454668 0.000544689 8.05975e-005 
0.912117 0.000191593 0.00196052 6.09712e-005 6.7406e-005 0.456326 4.25089e-005 0.000772994 
2.1364e-011 2.64972e-010 5.40046e-007 0.00251514 0.905384 0.000385979 5.85959e-005 0.451115 
0.137268 0.129282 0.68829 0.124396 0.153354 0.676876 0.116888 0.127105 
5.18292e-005 0.000222096 0.586815 4.76483e-006 0.587213 0.000412633 0.00146553 0.586947 
0.0934697 0.0962431 0.112643 0.142816 0.162468 0.160913 0.664172 0.69346 
0.115115 0.107558 0.119849 0.160208 0.681138 0.137814 0.14249 0.680146 
0.586725 0.000124967 0.588499 6.10032e-005 1.22141e-005 0.579921 0.00135352 8.46308e-005 
0.686785 0.14248 0.137765 0.122495 0.135618 0.124113 0.112957 0.672497 
0.135991 0.133518 0.681104 0.137545 0.130744 0.0961022 0.137987 0.675664 
0.458437 8.56813e-006 0.92119 0.000125224 0.000831612 0.000466732 0.000175821 6.67674e-005 
7.1199e-007 7.41623e-007 1.59182e-008 2.61188e-010 1.67106e-009 2.5555e-008 2.13799e-006 1.01507 
0.00172833 0.588566 0.000329028 0.000244581 0.000216091 0.584896 0.0001156 0.580371 
0.588132 3.32209e-005 0.000322812 0.000552353 0.000117816 0.000297292 0.585707 0.58409 
0.000101546 0.00035366 0.455031 4.01099e-005 6.67327e-005 9.64632e-005 2.92881e-005 0.907386 
0.00121936 1.02102 8.27756e-006 0.000418183 0.000137786 0.000126826 0.000519239 6.45637e-005 
0.582302 2.9922e-006 0.585662 0.000193634 0.587112 7.53866e-005 0.000184181 0.000143822 
0.00104988 0.59422 0.000360884 0.590724 4.49802e-005 0.590832 0.000635268 0.000190978 
0.00104682 0.585216 0.588168 0.000241518 3.90572e-005 0.585044 2.42342e-005 0.000729761 
2.59112e-007 2.36231e-005 4.69322e-007 0.000823426 0.589253 0.585927 1.80474e-006 0.581819 
0.00154652 4.80912e-006 5.23212e-006 0.911483 0.00218437 6.07142e-005 0.458259 0.000774199 
5.34338e-005 1.97954e-005 3.50547e-007 3.20496e-008 1.01089 0.000357633 5.13376e-005 2.13725e-005 

