0.115789 0.684351 0.12585 0.122237 0.13448 0.682103 0.128939 0.120905 
0.00180145 0.584879 0.00237988 0.603176 4.65204e-006 0.00148011 0.588516 0.000184389 
0.0920398 0.0932798 0.1008 0.0807529 0.0937172 0.988568 0.113232 0.100516 
0.000118323 1.66307e-006 0.591284 4.6947e-005 3.92396e-005 0.590827 0.589694 2.15808e-005 
0.688493 0.152153 0.129856 0.139637 0.130064 0.665456 0.132271 0.135857 
0.59138 0.000201704 1.25716e-005 0.000460431 0.589315 0.00121494 0.00189511 0.590727 
0.592733 0.000874663 7.36114e-005 0.59043 0.000332793 0.592371 0.000258821 0.000198161 
2.76506e-005 0.00103312 0.587041 3.80081e-005 0.591496 0.00128766 0.584665 0.000109493 
0.00176849 0.59412 0.00143123 7.50349e-005 3.7291e-005 0.589165 0.5829 0.00017677 
0.0963697 0.110395 0.124806 0.10598 0.981984 0.121376 0.135139 0.0996716 
0.00104759 1.69597e-005 0.912289 9.88995e-005 0.455718 3.40504e-005 9.25982e-005 0.000308945 
0.000412408 0.461385 0.00172653 7.00817e-005 9.30199e-005 0.910727 0.000225163 0.000192712 
6.02667e-006 0.00210025 0.461022 7.41663e-005 0.000125772 0.000838559 0.909567 0.000149982 
0.123459 0.139258 0.6765 0.687173 0.132489 0.135588 0.133714 0.130037 
0.456787 0.0057748 0.000155619 0.000160475 0.90692 0.000549227 0.000620535 0.00306789 
0.0017399 0.593656 0.00143001 5.91484e-005 0.586247 0.000425682 0.000524814 0.582621 
0.00165807 0.593121 0.00032989 9.53121e-005 7.93687e-005 0.586209 0.000356241 0.589131 
1.23285e-008 3.67257e-012 7.37395e-010 1.26932e-008 1.25243e-008 7.81631e-011 1.63244e-008 1.01317 
0.91531 0.00118418 1.51111e-005 0.000168852 0.455509 0.000401259 0.0010267 0.000179742 
0.659348 0.698218 0.149553 0.130605 0.132324 0.13539 0.133523 0.136728 
5.66158e-007 4.1136e-005 2.4678e-005 0.594281 4.23332e-005 0.58524 0.000787296 0.587611 
0.706922 0.146619 0.132734 0.111289 0.135451 0.119282 0.656811 0.113401 
9.34197e-008 2.24643e-006 0.000119443 6.93354e-005 0.588046 0.583934 0.5819 3.02249e-005 
0.000379287 5.31302e-007 3.31081e-007 5.54455e-008 0.457857 0.000639292 4.99423e-005 0.906191 
0.590424 0.588711 0.000120659 0.58474 0.000413917 3.17333e-005 0.00209944 0.000221069 
0.122961 0.686592 0.126484 0.681033 0.12744 0.139849 0.132891 0.129861 
0.0815737 0.0915424 0.11118 0.0925657 0.184248 0.185528 0.685343 0.683902 
1.29322e-007 1.27323e-007 0.000101718 1.44189e-006 0.907063 0.00137554 1.96565e-005 0.452082 
0.14056 0.144945 0.678146 0.102908 0.685869 0.135901 0.126074 0.149329 
0.00077609 0.000769716 1.01875 2.37726e-005 0.000107843 0.000382457 2.0403e-005 0.000147927 
0.129434 0.13782 0.127107 0.681175 0.682892 0.145093 0.133833 0.141394 
0.00371383 0.593114 1.81765e-005 0.000250601 0.590279 0.000338576 0.586215 8.38598e-005 
0.0976106 0.687043 0.125881 0.108802 0.681707 0.139211 0.133664 0.136976 
0.122296 0.682969 0.679806 0.148993 0.129308 0.132083 0.13364 0.128634 
0.000431454 0.593762 0.000108863 0.00151705 0.00144619 0.00282479 0.580402 0.589707 
0.000779371 3.42962e-006 0.454219 0.000976923 0.906145 8.45213e-005 0.000128565 0.000190065 
0.154834 0.133593 0.134978 0.135956 0.67652 0.668169 0.132401 0.152741 
0.000143778 6.60036e-006 2.51303e-005 0.00208878 0.457173 2.60342e-005 0.911513 3.90858e-005 
1.15533e-005 0.00348403 2.98683e-007 0.587445 0.587855 0.000973378 0.000131896 0.584382 
0.131372 0.132252 0.180986 0.0316267 0.130154 0.683574 0.122545 0.680137 
0.964917 0.109521 0.116061 0.128917 0.0865362 0.122916 0.132389 0.115368 
0.00149043 9.125e-005 0.588501 9.46992e-005 0.584824 0.000316856 0.000186212 0.584064 
0.697645 0.154033 0.138565 0.107883 0.112968 0.105068 0.129574 0.676365 
0.703176 0.0511367 0.101146 0.000114612 0.689178 0.122661 0.133998 0.100916 
0.000209833 0.000189376 1.60795e-007 0.909825 3.81544e-005 0.000287766 0.000297573 0.445675 
5.89724e-006 2.53546e-007 0.00179938 9.19655e-005 0.59603 0.00146597 0.588088 0.594866 
0.00318643 2.46052e-005 0.907445 5.09246e-005 9.8953e-005 0.450395 0.000191934 0.000169174 
0.915617 0.000195555 0.453209 1.28443e-005 0.000465883 0.00163595 0.000340046 0.000148139 
0.00150122 7.26354e-005 0.000387299 0.912826 0.000220526 0.00220048 0.451933 0.000112993 
0.00149751 0.452706 1.05662e-006 0.917537 0.000231808 0.00155989 1.17882e-006 0.00060278 
0.107186 0.110199 0.103641 0.167103 0.130734 0.194298 0.960435 0.069628 
0.00177865 0.597553 0.592724 0.00208878 0.596174 0.00035182 7.32539e-005 0.000182002 
0.000979788 1.58261e-005 0.913297 2.09562e-005 9.66802e-005 1.68728e-005 1.8069e-005 0.450699 
0.595987 0.000298247 0.000588613 5.99846e-005 1.12743e-005 1.7476e-005 0.600334 0.600985 
5.5703e-006 0.000137064 1.31789e-007 0.914204 0.00013933 0.448297 0.00019786 0.000196695 
0.000169693 7.0953e-008 0.00155753 0.458386 0.000103322 4.87664e-005 2.54679e-005 0.904039 
0.584826 0.000120138 0.585246 6.70855e-005 0.591899 0.00162816 0.000223512 0.000147508 
0.000126346 0.000130743 3.40172e-006 0.000351182 0.457443 0.905869 0.000115808 0.000145574 
0.000309103 0.594816 0.594663 7.24592e-005 0.000951821 0.00030631 0.000766913 0.591519 
0.00274083 0.915265 3.57696e-005 0.000146934 0.455488 0.000401241 0.00102665 0.000179528 
0.000701724 0.584825 0.584284 0.597847 0.000198102 3.12375e-005 0.000140683 5.81911e-005 
0.00162803 0.000535175 1.23841e-005 5.89629e-005 0.591382 0.582837 0.000358412 0.587519 
0.591482 7.1854e-007 3.46386e-005 2.0339e-005 0.600884 0.589577 0.000519935 0.000825871 
0.592428 0.000150819 5.51055e-005 0.596016 0.59343 0.00138296 8.90907e-005 4.21581e-005 
0.58909 0.585116 0.0018554 7.80413e-005 0.586759 0.00183743 0.00013997 0.00226487 
0.913574 0.000383443 4.49246e-005 8.47102e-005 0.000128159 0.454212 0.00102514 0.000149663 
0.00202892 1.17179e-006 0.68406 7.2143e-005 0.00019131 3.35537e-005 0.679334 0.682133 
0.00107391 2.45683e-007 0.592623 5.37057e-005 0.59667 0.591404 0.00105004 2.44582e-005 
0.000445116 1.01503 6.08366e-005 0.000586985 0.000159013 3.97122e-005 0.00125576 0.000152583 
0.00025387 0.000242339 0.58472 8.02836e-005 0.000159602 0.585288 5.49867e-005 0.584691 
0.16572 0.162323 0.129549 0.153848 0.674311 0.0993733 0.0994548 0.689373 
1.79391e-008 1.86506e-008 1.08405e-006 1.59162e-008 8.822e-005 0.908938 0.454577 1.1972e-005 
0.910059 0.4506 7.45209e-005 0.000162591 0.000156613 0.000378921 0.000224046 0.000195632 
0.00133434 0.909768 3.34983e-005 0.000137859 0.000379933 0.00106456 8.22921e-005 0.451818 
4.20675e-005 0.456953 0.000297332 8.47637e-006 6.91291e-005 0.000199086 0.000278871 0.909353 
4.0603e-005 4.45439e-006 5.51221e-007 0.461416 0.000457791 0.905052 0.00147236 0.00159304 
0.911701 1.61244e-005 0.000228985 8.65724e-005 0.00013908 0.000356572 0.453783 0.000594587 
0.597567 0.00417661 2.20034e-005 0.00382735 0.598094 0.00159339 0.592906 3.85049e-005 
6.71299e-008 1.3226e-006 7.04591e-009 3.08262e-006 2.97136e-008 0.450222 1.14127e-006 0.904637 
0.106329 0.128802 0.13055 0.150661 0.688311 0.148041 0.681627 0.134684 
1.39232e-007 6.35753e-006 0.000157281 5.89866e-007 7.24183e-006 7.51523e-007 0.90202 0.451307 
0.00123381 0.459731 0.000266864 0.000106047 6.28397e-005 0.000160258 0.909314 0.000561397 
0.592481 0.00202622 0.000910451 7.57178e-005 3.74282e-005 0.586008 0.580541 0.000175213 
2.75766e-007 0.000372286 4.48297e-005 8.02407e-008 0.91055 0.451176 6.10233e-005 1.94315e-005 
0.587979 0.00142976 0.589325 0.000134865 0.000128645 0.589354 8.60432e-005 0.000836434 
0.912122 5.0517e-005 9.57328e-005 8.66122e-005 9.55094e-005 0.000366957 0.000143322 0.450276 
0.00137822 0.593331 0.592793 1.76789e-005 0.000129801 2.72002e-005 0.585728 3.96173e-005 
1.9854e-005 0.000489062 0.000470998 0.593571 3.90722e-005 0.582966 0.583576 2.45579e-005 
0.000290411 0.592217 0.000303801 0.592763 6.08077e-005 0.000129808 0.00262375 0.580919 
0.00115398 0.906559 0.453981 0.00209097 6.68841e-006 5.91264e-005 0.000340227 0.000190349 
3.00632e-009 3.37477e-007 4.16718e-005 0.470552 0.91122 0.000309857 6.22447e-006 0.000226723 
0.00024407 1.08422e-006 0.584206 0.588531 0.58312 8.45328e-005 9.83342e-005 0.000169122 
0.00218033 0.593225 0.586655 5.79654e-005 0.000316764 0.587279 0.000203036 0.000199282 
0.0017809 0.000901538 0.912839 0.459228 0.000194258 0.0015372 9.91272e-005 0.000166096 
0.454305 0.000417294 1.06034e-006 0.916726 0.000232287 0.00157684 0.000315984 0.000180488 
0.0736158 0.0751568 0.0706944 0.0637572 0.0771402 0.112382 0.137063 0.990958 
0.0930219 0.0997534 0.0817423 0.712038 0.137969 0.671525 0.132215 0.153759 
0.585444 0.593641 0.00148964 0.000606866 0.000402046 0.580138 0.00126087 0.000149022 
0.0993022 0.964081 0.10262 0.14106 0.129598 0.12264 0.130349 0.116028 
1.33087e-007 2.61914e-005 0.459742 4.66637e-005 1.66301e-006 2.49036e-005 4.70641e-005 0.912379 
0.687649 0.0762089 0.676121 0.140186 0.128733 0.137654 0.133102 0.127715 
0.106809 0.121451 0.970771 0.139208 0.106444 0.070501 0.116764 0.112221 
0.00199872 2.81736e-006 0.9109 4.72467e-005 5.99608e-005 2.43578e-005 0.453638 0.000588459 
0.000825747 0.59212 3.66934e-007 0.000481736 0.590149 0.582159 0.000488655 0.000839689 
0.109749 0.0990948 0.103537 0.963971 0.130573 0.108517 0.132443 0.141897 
0.589677 0.588232 2.59827e-006 0.000112679 0.000195693 0.000579997 0.000717271 0.580818 
4.90886e-005 0.00249726 0.00246141 0.465197 0.000119548 5.58325e-006 0.917819 0.000232235 
4.34995e-005 2.09608e-007 0.000371893 2.05655e-007 8.32668e-005 0.586121 0.584918 0.584737 
0.686623 0.12271 0.128098 0.681747 0.128001 0.140029 0.133595 0.129972 
6.89982e-006 7.02869e-006 8.75367e-005 0.912413 0.447296 0.00308457 5.51064e-005 0.00225837 
1.57943e-005 3.73296e-007 2.70137e-006 4.02643e-008 3.17072e-006 0.905942 4.82064e-005 0.453653 
7.67753e-005 6.88096e-009 0.459099 7.51286e-005 2.45773e-005 0.905967 0.00022547 0.000185952 
0.457988 0.000192226 2.98197e-005 4.22985e-005 7.06167e-005 0.000657492 0.907931 0.000154306 
0.000806015 8.23036e-005 0.588162 0.591066 0.00231602 3.11357e-005 0.584839 0.000148341 
3.36631e-006 2.44683e-007 0.000202543 1.03605 0.00022815 3.88371e-005 8.45992e-005 0.000193268 
0.46034 0.905739 6.08953e-005 0.000165083 0.000159166 0.000636372 0.00101983 0.000153126 
1.01858 0.000245148 0.00025583 9.6639e-005 0.000155384 0.000398708 0.000193598 0.000166442 
2.26261e-007 2.32526e-007 0.000113716 3.20517e-008 1.01395 1.46633e-005 7.90033e-005 0.000175208 
0.599358 4.90931e-006 0.595343 5.67459e-005 0.000287142 0.000153306 0.591796 3.74762e-005 
0.000229798 0.590588 0.00181434 0.591171 0.585636 6.50878e-005 9.69512e-005 0.000175697 
0.587151 0.000617724 0.587199 0.58501 0.000125127 0.000201433 0.000339631 0.000179573 
7.08627e-009 5.72356e-007 3.03833e-009 1.35744e-006 5.25149e-007 1.00955 1.42489e-005 3.06248e-006 
0.592993 0.000705266 3.43985e-005 2.09938e-005 0.000747153 0.588589 0.000360176 0.59117 
0.455831 2.53865e-005 0.000501834 4.42556e-005 2.97382e-005 8.07974e-006 0.000941477 0.91435 
6.62031e-005 3.60585e-006 0.583111 0.596766 7.02471e-006 0.576776 6.80556e-005 0.000185659 
0.587345 0.591276 0.000104116 0.000574902 0.0013764 0.00350798 0.584914 0.000183106 
0.905757 0.000215758 0.000248945 0.460218 0.00014182 0.000201571 7.49586e-005 0.000148855 
0.130938 0.143274 0.695052 0.142986 0.113654 0.66128 0.13149 0.160428 
0.000348941 0.453538 0.000145539 1.22323e-006 0.915495 0.000819626 0.000416921 0.000807489 
2.79448e-005 2.63882e-005 0.583882 0.591409 0.00195969 0.000270331 0.000624983 0.581426 
0.124557 0.671554 0.14867 0.12791 0.143769 0.142676 0.683111 0.143239 
0.00153665 0.459617 0.918203 9.2551e-005 6.1245e-005 0.00193543 0.000351801 7.23423e-005 
0.00375178 0.916447 0.00088046 2.00272e-005 0.000139832 0.449401 0.000198348 0.00019718 
3.11424e-006 3.52316e-007 7.75172e-005 9.77607e-006 3.82041e-008 3.75923e-007 0.447607 0.901713 
0.136083 0.144115 0.132224 0.115566 0.149548 0.664052 0.697429 0.117998 
0.00132541 2.54862e-006 1.72816e-005 0.591556 0.584554 0.578438 0.000318926 0.000152466 
0.102953 0.112921 0.711149 0.105034 0.150149 0.100936 0.658189 0.147393 
0.580106 2.00571e-005 0.000287281 0.591058 0.000275871 0.00159315 2.16313e-005 0.583436 
0.0892495 0.0939355 0.0910732 0.719599 0.132888 0.115677 0.667788 0.112723 
0.594816 0.587232 0.587638 0.000163802 0.00168995 0.00034671 0.000131946 0.000152644 
1.83038e-005 0.00098981 0.000961879 0.596213 0.585366 0.000321883 0.586252 0.000148134 
0.458208 0.0025205 0.000137771 6.08204e-005 0.000103875 0.904126 7.83228e-005 0.000175568 
0.000111084 8.90975e-007 1.04848e-008 1.29015e-006 3.96022e-005 0.453635 0.912802 3.15169e-005 
0.000288604 0.597524 0.000509195 0.599662 0.00139627 0.583776 0.000532385 0.000186276 
0.589412 0.000125134 0.587981 4.35818e-005 0.000195435 6.23806e-006 8.30007e-005 0.580506 
0.133816 0.141492 0.694506 0.148032 0.112901 0.113155 0.107176 0.673099 
0.452611 0.000129902 0.907949 0.00225784 3.53993e-006 0.000130457 8.88405e-005 0.000148013 
0.000243629 2.17721e-005 6.98048e-006 0.000173015 0.910796 0.000125284 0.450088 0.000147382 
0.143712 0.141301 0.112554 0.689458 0.131961 0.103768 0.099232 0.688125 
4.03899e-007 7.07144e-005 0.445848 0.911254 0.00111315 0.000503262 8.74221e-005 0.000195369 
0.000420119 0.913032 0.00252874 0.46055 0.00118719 4.29101e-005 0.000343445 0.000192538 
1.00684e-011 7.05802e-010 5.43854e-008 3.07337e-008 1.23561e-008 3.21064e-011 1.01253 3.1938e-008 
0.135792 0.698038 0.112611 0.149032 0.135193 0.102086 0.107323 0.674022 
0.00116677 0.914765 0.00131414 0.00139559 0.000216978 0.002212 0.452894 0.000250974 
9.35173e-006 9.54062e-006 0.000677772 0.593869 0.0013462 0.000212008 0.581162 0.585998 
0.579045 0.00310512 0.000234798 0.59716 4.60564e-006 0.00146535 0.582646 0.000182565 

