0.000279389 4.57322e-005 0.445813 0.000208534 0.900734 4.45974e-005 1.75483e-005 0.00011584 
0.453041 0.00030037 0.00020941 0.90406 0.000683259 0.000286663 3.92596e-005 0.000715985 
0.668573 0.111962 0.687529 0.14814 0.108394 0.088889 0.134027 0.132858 
0.89883 0.000268702 0.000420393 5.27499e-005 0.000102527 0.000113082 7.24159e-006 0.448607 
3.66079e-006 0.000444055 0.583611 0.00113992 8.15714e-006 0.582254 4.9233e-005 0.58092 
0.577431 0.000102375 0.582166 0.000789575 0.000602887 0.583125 0.000666804 5.52624e-006 
0.452199 4.82599e-005 0.000667036 2.29591e-005 0.899484 2.57262e-006 6.78084e-006 5.36028e-006 
4.95937e-007 6.96571e-006 1.37295e-005 7.5889e-009 1.91857e-007 1.5626e-008 1.0033 5.45634e-006 
0.000792653 2.57978e-007 0.901213 0.00226069 7.92068e-005 1.12527e-005 0.446902 0.000497769 
4.97591e-005 0.899279 0.000459779 0.451241 7.92309e-006 1.97428e-006 0.000232338 0.000351433 
0.00084848 0.44802 0.90011 0.000365487 4.13358e-005 3.85054e-005 0.00051943 0.000483616 
0.0823749 0.111229 0.0982891 0.125448 0.119952 0.963337 0.11394 0.122964 
0.000335742 0.4476 0.000210099 0.000178206 0.899833 6.562e-005 0.000667398 0.00207396 
0.674 0.66992 0.152167 0.135181 0.132129 0.132713 0.124522 0.128709 
0.00201954 0.90315 0.000417675 0.000335028 0.000519982 0.000175877 4.40771e-006 0.450764 
1.72824e-005 8.8634e-005 0.585851 0.583838 0.000618863 0.00227043 5.78587e-005 0.579197 
0.581651 0.581757 0.579524 1.14916e-005 0.000331225 2.485e-005 9.16013e-005 0.000161876 
3.12068e-006 0.000287883 0.45237 0.898792 1.97688e-005 7.78619e-006 9.22668e-005 7.66223e-007 
5.43674e-007 0.000136839 0.000626952 0.00119594 0.000110872 0.446846 5.41179e-006 0.901221 
0.00385723 0.582753 0.583733 0.577082 2.40156e-005 3.31661e-005 2.88405e-005 6.44752e-006 
0.44863 0.000355425 0.901436 0.000460604 8.04792e-006 2.28114e-006 0.000607448 6.08578e-006 
0.000112638 1.80392e-005 0.000114539 3.7118e-005 2.23692e-005 2.28494e-005 0.896627 0.449346 
0.585684 0.000435102 0.000781417 0.585118 2.92267e-005 0.00024688 0.581742 2.12469e-005 
0.000275906 4.52101e-005 0.452257 0.00169132 1.33541e-005 0.897664 1.70528e-005 0.000242692 
0.111496 0.0909232 0.685031 0.125583 0.120606 0.679271 0.137493 0.130801 
0.902535 0.000238552 0.000421772 0.000700826 0.450262 5.96628e-005 0.000110702 9.71916e-005 
0.111549 0.121148 0.140804 0.113682 0.163237 0.669938 0.677198 0.139605 
0.139715 0.685062 0.112138 0.135557 0.140869 0.132296 0.665167 0.128959 
6.71212e-005 3.67644e-007 8.60416e-007 0.899697 1.27484e-005 4.7552e-006 0.45031 1.97462e-005 
0.121313 0.11148 0.67673 0.131287 0.676761 0.0988751 0.1524 0.138512 
0.684389 0.115685 0.158503 0.665727 0.116339 0.131294 0.118454 0.131805 
0.000181519 0.581837 0.000252089 0.000755224 0.581491 2.75767e-005 0.000965137 0.581161 
0.000103891 0.000100786 0.902127 0.44835 3.09748e-005 6.95808e-007 7.12055e-005 0.000531063 
0.452213 0.000111505 0.000209632 0.000263543 6.31251e-005 0.900729 2.10443e-005 1.02564e-005 
0.000512943 0.901206 0.4489 0.000376295 0.00152715 0.000126927 9.7193e-005 0.00130266 
0.00223507 0.00223278 0.583611 6.23148e-006 2.43186e-005 4.41853e-005 0.577221 0.578136 
0.130526 0.111851 0.660332 0.174946 0.149721 0.131942 0.135655 0.682807 
0.67076 0.135466 0.128401 0.137914 0.120661 0.126339 0.679418 0.130448 
0.134509 0.12987 0.131156 0.150924 0.672299 0.152395 0.114401 0.667401 
0.583304 0.00116502 0.585392 0.000359081 0.000113615 5.39497e-005 1.36157e-005 0.578194 
0.00124369 0.581198 2.35761e-005 0.578097 0.000697952 4.76081e-005 0.0019541 0.58183 
0.582397 0.000605901 0.00254731 0.000760977 0.581079 3.03106e-005 0.00318921 0.578998 
0.000572707 1.00681 0.000462565 0.000386495 0.000324134 0.000559315 0.000182133 8.15632e-005 
0.00118782 0.582703 0.00255876 0.579599 0.582593 0.00108085 0.000135835 0.000381242 
6.244e-007 0.000808698 5.30557e-005 0.583668 3.78804e-005 0.583138 0.000190887 0.58007 
2.51209e-006 0.000198108 9.92264e-005 1.92519e-007 0.450975 4.25915e-006 3.13928e-005 0.898879 
0.000667329 0.581478 0.583559 0.00108657 0.000112746 2.733e-005 1.6466e-006 0.581884 
4.75063e-005 0.00313255 0.000177842 0.581746 0.581397 0.579538 0.000118989 3.95821e-005 
0.0931632 0.0961326 0.0978501 0.120722 0.117233 0.114413 0.962875 0.122793 
0.000894264 0.00469259 0.582904 0.576528 6.88833e-006 0.585129 0.000609229 7.66807e-005 
0.583399 0.579959 0.000266631 0.578237 0.000119604 0.0011687 7.14305e-006 0.00390724 
0.58487 0.000175143 0.000359909 0.579693 2.42096e-005 0.580898 0.000194203 1.16325e-005 
0.000280757 0.000286076 0.455726 0.000185956 6.35244e-006 0.000211818 0.90002 4.92599e-005 
0.579676 0.00045783 0.00149685 0.000239827 9.57458e-005 6.40951e-006 0.580941 0.581267 
0.000167293 0.452257 0.000235234 1.91038e-005 0.000253066 0.898261 1.78434e-005 7.14925e-005 
0.000113976 0.667897 3.26483e-005 0.00263689 2.53124e-005 0.668471 0.669034 0.000113351 
2.80542e-009 1.14955e-007 1.59123e-007 0.000176388 0.450591 0.897836 0.0031303 4.15262e-005 
2.57992e-006 2.96352e-009 0.000250032 0.902542 0.450265 0.000554748 8.94024e-005 2.54587e-005 
1.32623e-005 0.000119891 0.000122172 0.449307 1.89862e-005 0.000108757 7.56003e-006 0.897429 
2.52171e-007 2.65694e-007 0.00158239 6.93663e-007 0.903347 0.450754 0.000331542 2.80587e-005 
1.45958e-007 1.77048e-005 0.00118373 3.05366e-006 0.585225 0.583864 5.56627e-005 0.582083 
8.79775e-005 0.000951865 0.000183883 0.578214 3.97126e-006 0.582293 0.582314 8.55631e-005 
0.14442 0.672528 0.13395 0.132427 0.127987 0.677083 0.134209 0.140895 
0.133358 0.135784 0.133814 0.673405 0.66374 0.171325 0.133773 0.140514 
0.00176202 0.581177 0.000504813 0.583571 0.00117021 0.579708 0.000190709 0.000154407 
5.72058e-005 8.16527e-006 5.96274e-005 2.46541e-005 3.17452e-008 1.78636e-005 0.446723 0.899124 
5.29582e-005 1.03407e-007 3.26359e-005 3.40446e-006 0.897772 1.57119e-006 6.63377e-005 0.451791 
0.00238224 6.77541e-005 0.00484493 0.900369 3.26029e-005 0.45642 0.000517131 4.44799e-005 
0.580965 0.00307837 0.000268855 0.000496806 0.581269 0.580111 0.000185042 2.3731e-005 
0.446492 0.902374 0.000465551 0.000360243 4.15093e-005 2.98324e-005 0.000628194 4.29893e-005 
8.03391e-006 0.000134193 0.898051 8.29389e-005 0.451642 0.000297452 0.00427945 1.43795e-005 
0.0970506 0.0975437 0.0902167 0.107221 0.0926132 0.130071 0.112986 0.966862 
0.112635 0.109162 0.119865 0.130001 0.15267 0.144444 0.675711 0.673918 
3.63449e-007 7.34909e-010 0.000786814 0.450715 0.00014541 2.40435e-006 0.897414 1.24017e-005 
0.583399 0.00472625 0.589273 0.000342648 1.60832e-005 9.99091e-006 0.577093 4.0537e-005 
0.00041764 0.901915 4.66502e-005 0.0011631 1.64042e-005 0.446814 0.00225947 0.000469381 
0.000163941 1.62056e-005 0.000160453 1.20977e-005 2.88153e-006 0.451207 0.898392 1.24152e-005 
0.581195 0.000460883 0.000268694 0.581415 3.19454e-005 2.35325e-006 1.04577e-005 0.576582 
0.110847 0.107862 0.694198 0.665028 0.116217 0.139263 0.118926 0.138378 
0.576934 0.58426 0.000337579 0.000316365 5.0092e-006 0.580034 1.78804e-005 0.000469897 
0.122421 0.100015 0.0891428 0.131542 0.153402 0.684113 0.101298 0.679452 
0.126749 0.11382 0.67478 0.106926 0.141754 0.13203 0.680281 0.126248 
2.23272e-007 1.49951e-008 2.89746e-005 5.56059e-005 1.0541e-005 1.00357 1.22116e-005 1.7721e-006 
0.136392 0.676702 0.14608 0.669808 0.12607 0.134475 0.126283 0.126797 
9.9724e-008 5.72266e-006 3.27639e-006 9.47416e-007 5.11572e-007 0.899004 0.447599 0.000242381 
0.682861 0.137751 0.135357 0.140369 0.66059 0.138713 0.125964 0.128825 
0.000361228 0.579392 0.000761411 0.00170443 0.582413 0.582292 8.33892e-006 0.00330729 
9.95117e-006 7.13058e-007 6.25437e-007 0.896982 1.48077e-005 9.31975e-006 1.65071e-006 0.450255 
0.583862 0.00011177 0.00134031 0.00025823 3.39733e-005 0.580914 0.000283237 0.580945 
0.667582 0.134825 0.132334 0.137429 0.142219 0.126769 0.143693 0.671388 
0.89758 0.450571 0.000605423 0.00100074 2.86666e-006 3.10679e-005 8.7402e-005 1.10706e-005 
0.140436 0.679677 0.120262 0.13317 0.667638 0.138709 0.126223 0.128826 
8.51081e-005 8.83733e-005 1.82237e-005 1.33805e-005 1.7688e-009 0.898029 8.29388e-006 0.451009 
0.582109 0.000917271 0.00243638 6.26334e-005 0.579249 9.57118e-005 0.578102 6.26151e-005 
8.44417e-009 7.94068e-006 8.50152e-008 4.10864e-009 1.00518 7.47934e-007 1.74716e-005 8.70423e-006 
0.682288 0.119605 0.150553 0.107623 0.121886 0.675763 0.13175 0.129469 
0.134233 0.133046 0.133051 0.676157 0.138089 0.676399 0.134953 0.136218 
0.45195 0.000313959 0.000274516 0.000381684 0.000306676 4.99729e-006 1.47268e-005 0.898725 
0.000817612 0.580652 2.81308e-005 9.73068e-005 0.583443 3.85033e-005 0.577854 0.000243552 
5.37577e-005 0.448901 0.000244472 5.67264e-005 8.8848e-006 0.00126913 0.901449 0.000132522 
0.000243023 0.581388 0.00243057 0.000949631 0.000749251 0.00137204 0.580732 0.579658 
0.000257327 0.451646 0.000594395 0.898148 4.21832e-005 5.59523e-006 2.05857e-005 8.41533e-006 
4.38784e-007 5.65034e-005 0.00347216 1.46417e-006 1.57323e-008 0.581849 0.577367 0.580565 
3.97875e-007 2.62219e-008 0.000696185 0.580158 0.580286 0.000105041 6.9987e-005 0.581715 
3.38539e-007 9.32809e-005 0.00053383 0.451769 0.896937 7.12472e-005 1.35723e-005 0.000132403 
0.000464717 7.84971e-006 5.75289e-006 0.000448473 0.583465 0.578984 0.577551 0.000159657 
0.00048714 6.54821e-006 0.581671 0.00050179 0.578341 0.579371 0.00011565 0.00123291 
0.112194 0.118273 0.963266 0.105677 0.104601 0.0991463 0.100037 0.12891 
0.968933 0.070881 0.0904887 0.098715 0.117052 0.0945088 0.116747 0.0957994 
0.122017 0.6541 0.703859 0.119265 0.119091 0.128023 0.134051 0.140897 
0.121194 0.117729 0.129686 0.14701 0.682227 0.664763 0.123696 0.147295 
0.580973 0.580379 0.000393855 0.000307917 1.78663e-005 6.21723e-005 7.93293e-005 0.575977 
3.45445e-007 0.00202429 0.674693 0.00214242 2.55699e-005 0.661129 0.668795 0.000114327 
0.0963888 0.0959732 0.10356 0.141836 0.961321 0.107763 0.111543 0.124863 
0.00293018 0.899854 0.000412344 0.000714051 0.447864 3.42398e-006 0.000464316 4.81848e-006 
1.93208e-006 0.000179494 1.00838 0.000971984 4.4609e-006 4.61904e-005 9.12449e-005 6.75671e-006 
0.00123466 0.577391 0.583168 0.000706986 2.34268e-006 0.584259 0.00118329 1.11007e-005 
1.00348 0.000205711 0.000537526 0.00018118 0.00047788 2.54355e-006 0.000515204 0.000387566 
0.00101201 0.588842 0.573018 0.00071481 0.58303 0.000243239 4.8667e-005 7.48061e-005 
0.000173546 0.449498 0.000462628 3.77949e-005 0.000281034 8.74131e-005 3.62856e-006 0.899076 
3.88664e-006 0.000299467 0.451092 0.000169507 3.77764e-005 6.25939e-005 1.31073e-006 0.901419 
0.898179 0.000601907 0.000494994 0.453115 1.71824e-005 8.81949e-007 6.67133e-005 0.000712287 
0.576565 0.000749074 0.585284 0.000678984 0.579461 0.00116341 0.00964734 0.00204946 
3.67196e-012 1.74092e-011 1.25666e-008 1.52827e-012 8.06115e-012 2.45521e-008 2.47724e-013 1.0054 
0.00194271 0.581272 0.000506064 0.58154 2.82668e-005 0.000245196 0.577773 0.00017782 
0.113655 0.104497 0.101403 0.966559 0.110572 0.0917358 0.107308 0.120304 
0.000219637 1.89798e-006 0.901647 0.000903629 4.5236e-005 1.17701e-005 0.000559254 0.445342 
0.000368254 1.17479e-005 0.58375 0.578503 0.000524445 1.46233e-005 0.577065 0.000133321 
0.132337 0.136338 0.138802 0.120908 0.675471 0.134456 0.668687 0.140271 
0.578288 0.000753894 0.000127896 0.580529 0.581047 0.00126376 3.44185e-006 0.000202018 
0.110428 0.964078 0.10674 0.117259 0.104644 0.0908241 0.118601 0.0903609 
0.901113 0.000237099 0.000417715 0.000703019 2.10791e-005 9.4761e-006 0.446804 5.59837e-005 
0.899042 0.000269224 0.000548955 5.24298e-005 3.74322e-005 0.447399 7.37106e-005 4.64103e-006 
0.000162589 0.00132227 0.585887 9.73778e-005 0.577913 1.43276e-006 0.576038 6.97598e-006 
0.898142 0.000906221 0.449406 0.000226321 9.05097e-005 7.5566e-005 0.000381107 4.53425e-005 
0.124463 0.128604 0.14702 0.674594 0.149036 0.125587 0.0954025 0.674025 
2.19802e-005 0.000189695 0.000463758 0.450609 1.01581e-005 0.897872 7.90572e-007 4.15277e-005 
0.577152 0.588486 0.000269053 0.000336218 1.15332e-005 5.45982e-005 0.573133 4.48514e-005 
0.00014503 0.000149332 0.899243 0.000391726 5.84292e-005 0.448706 0.000330036 2.79312e-005 
0.143635 0.665817 0.114985 0.129493 0.141721 0.141043 0.142027 0.679722 
0.00022171 2.12893e-007 0.00031436 0.582045 0.580563 0.0024448 0.580532 5.26403e-005 
0.126283 0.11641 0.139801 0.686114 0.121013 0.12767 0.668413 0.126339 
0.00188706 0.581412 0.58102 0.00207345 6.20234e-005 2.27161e-005 0.578738 8.81981e-006 
1.09886e-007 2.43942e-010 6.69332e-008 7.00712e-009 0.578903 1.07377e-006 0.58027 0.581536 
1.56759e-007 0.000375017 1.21596e-005 0.581373 6.89465e-006 0.00137199 0.58071 0.579636 
0.000322123 2.99526e-006 0.588278 0.000349861 0.576396 7.44778e-006 0.000116054 0.574511 
0.582677 0.00015333 0.000264933 0.00178249 0.000571927 0.580892 0.578221 1.13506e-005 
0.00501883 0.582707 0.00240636 0.000753995 1.06623e-005 0.580199 4.91092e-005 0.578178 
0.00200533 0.899848 0.00041234 0.000703586 0.000295065 9.36454e-006 0.448618 2.71393e-005 
0.00235468 3.06971e-006 0.57815 0.580395 0.580912 0.00126347 1.44375e-006 0.000201972 
0.000886799 3.55043e-005 0.00048797 0.000149061 0.451175 3.42334e-005 0.897583 9.49534e-006 
0.573665 0.00111774 0.576539 0.591568 0.000777096 0.00264766 0.00318497 0.000582596 
1.71249e-007 9.23448e-009 1.0355e-007 2.90179e-010 0.900025 6.61033e-005 0.449882 0.000166811 
0.586199 0.577681 0.00108673 0.000642769 0.581772 1.1915e-005 4.29555e-005 1.12372e-005 
4.65789e-008 3.32857e-009 7.45185e-005 1.00483 1.40595e-005 1.18563e-005 1.84918e-006 4.23197e-006 
0.45038 9.23269e-005 0.000469078 8.13169e-005 0.000214481 5.19145e-006 0.900236 0.000372792 

