0.598352 3.86739e-005 0.000645768 0.000449887 0.590729 5.44257e-005 0.000126474 0.586234 
0.000968854 0.00018969 0.304863 0.0544356 0.313839 0.0815506 0.917546 0.00328729 
0.597026 0.00127606 0.000120313 0.590795 0.587597 0.000106135 8.98248e-006 0.00011638 
0.108047 0.111967 0.668038 0.139685 0.707253 0.119699 0.138279 0.132082 
0.000500447 0.461537 8.66397e-005 0.91084 0.000267323 3.58279e-005 0.000467112 3.72463e-005 
1.92233e-006 5.01104e-009 6.07903e-008 2.58503e-009 3.93147e-008 1.73439e-006 5.18022 2.16741e-006 
0.00469244 6.53642e-007 0.910307 0.000340107 0.458016 5.81709e-005 0.000381734 1.43436e-005 
0.00193192 0.00180628 0.598873 0.000113992 0.590271 7.39801e-005 0.000168729 0.588499 
0.922499 0.0017478 0.000792954 0.000555166 0.457181 6.86437e-005 0.000390039 1.53665e-005 
0.0992239 0.101607 0.110897 0.0904397 0.699886 0.692019 0.143498 0.134842 
0.000237338 0.594902 0.000111641 0.591006 2.36458e-005 8.20914e-005 0.00013594 0.588147 
4.82454e-005 3.49773e-006 0.467276 0.000259745 8.15039e-005 8.98917e-005 0.000108489 0.922324 
0.595337 0.000263074 4.3639e-005 0.00278365 2.70879e-005 0.592249 0.00156715 0.58653 
0.0951024 0.102716 0.101004 0.10601 0.980437 0.109702 0.176214 0.0960452 
0.597559 0.00118712 6.00697e-005 0.593631 2.4113e-005 0.00194425 0.000136646 0.583262 
0.908036 0.457604 5.59508e-005 0.00102529 2.12868e-005 4.23954e-005 6.71716e-005 4.97451e-005 
9.38569e-006 9.6919e-006 0.460925 0.000357814 2.54617e-005 3.88014e-005 0.916763 7.78637e-005 
0.131015 0.683997 0.136865 0.132809 0.132687 0.137092 0.135964 0.68481 
0.000224431 0.460019 0.00018247 0.000296836 0.000130241 0.913612 0.000180072 7.2482e-005 
1.02691 0.000171764 5.7673e-005 2.63112e-005 0.000200316 9.22141e-006 0.000207311 8.55295e-005 
0.142905 0.687705 0.127662 0.134724 0.135704 0.68735 0.137518 0.129436 
0.134786 0.137667 0.137928 0.699295 0.142503 0.107162 0.132704 0.678645 
0.109441 0.109893 0.12032 0.106092 0.125636 0.125548 0.0503237 0.981324 
0.000438064 0.913268 0.00107927 0.457114 0.000566842 7.87131e-005 0.000229999 7.592e-005 
0.000720598 0.592542 6.03186e-005 1.42479e-005 7.65744e-005 0.591099 0.000144513 0.587524 
1.93807e-007 0.000381489 0.918933 6.57756e-005 1.24625e-005 0.45714 0.000198439 7.73812e-005 
4.82198e-007 0.000425559 1.02509 7.3374e-005 1.39022e-005 2.46658e-005 0.000198193 7.72854e-005 
7.87293e-005 0.915494 0.000170706 0.00084874 0.000130759 6.00627e-005 0.00153242 0.456919 
9.52841e-005 2.46057e-006 1.94616e-005 5.12307e-008 1.3723e-005 1.02199 5.58947e-006 3.71328e-005 
0.371455 0.0727263 0.0776551 0.0689928 0.0706493 0.0757497 0.824423 0.453295 
0.431964 0.000367525 3.20689e-005 0.000162112 8.18013e-005 0.000112434 0.927859 3.30558e-005 
0.133366 0.675522 0.140534 0.135956 0.690173 0.123961 0.137247 0.129795 
1.78409e-006 1.82268e-006 2.40128e-006 5.04793e-009 6.71799e-007 4.96161e-007 0.906517 0.450371 
0.00272047 0.469165 2.20311e-005 0.000106086 0.930514 7.57499e-005 0.00153175 0.000558156 
0.000176795 6.40961e-006 0.598291 0.590934 0.000237618 0.000345636 0.00166427 0.589528 
0.307921 0.302995 3.20713e-005 0.000162124 8.18979e-005 0.000112442 0.927928 5.25898e-005 
0.914583 0.00080996 4.34974e-005 0.453242 0.000263032 0.000162473 0.000588186 0.000547267 
1.00301e-006 0.000159112 0.592904 0.589995 0.588785 0.000107567 1.79736e-005 8.73341e-006 
0.109079 0.108387 0.101348 0.0927171 0.104937 0.108357 0.977127 0.137744 
0.000170087 5.39125e-006 1.37136e-008 7.88229e-007 1.03417e-006 0.456711 0.911453 0.000111966 
0.000764217 0.593104 0.000251691 0.588256 0.590303 0.000529433 0.00017972 7.2656e-005 
2.24664e-005 2.01523e-005 0.591027 0.000138299 0.588215 0.587552 1.64546e-005 0.00013148 
0.137297 0.123637 0.153467 0.683838 0.134843 0.686013 0.122185 0.136795 
0.591155 0.581393 0.593705 0.000941238 4.88971e-005 0.000127416 0.000774648 0.000307566 
0.668354 0.687592 0.168622 0.0941407 0.143439 0.145117 0.128906 0.13654 
0.0021511 0.191851 0.000804967 0.0207962 0.000267289 0.384641 0.9294 7.98311e-005 
1.03181e-006 4.91843e-005 0.00109654 2.98451e-005 0.000132291 0.457188 3.68659e-006 0.907533 
3.04415e-008 1.41831e-006 6.35799e-008 0.00329976 0.917316 0.455366 1.48286e-005 7.39113e-006 
0.000131648 4.29292e-006 4.88178e-009 0.590452 8.60851e-006 0.588712 1.91101e-005 0.586387 
1.3595e-005 1.4697e-005 1.92452e-005 2.20052e-008 4.02996e-006 0.912058 3.89357e-006 0.453701 
0.00138209 0.590489 0.00220981 0.000116523 0.591165 0.593693 0.00194155 0.000719985 
4.468e-005 4.24382e-005 5.67763e-006 3.11057e-005 1.01776 3.66408e-006 7.04978e-006 3.87203e-005 
0.000179446 0.000169548 5.06164e-006 6.4379e-006 0.458115 0.90983 0.000174858 1.95748e-005 
0.460439 0.00297237 0.922666 0.00055115 1.0637e-005 0.0002453 0.000240209 6.17597e-005 
0.594501 0.588383 0.00090548 0.00229389 0.000160994 0.592366 0.000267729 3.09975e-005 
0.125829 0.10249 0.695819 0.146716 0.133564 0.674443 0.135897 0.135859 
2.61001e-005 0.0012621 1.26526e-007 4.91256e-008 0.591053 0.59023 0.000515365 0.586354 
0.0854916 0.0862563 0.0867143 0.0741987 0.0850899 0.994229 0.12292 0.0954255 
0.593481 0.00105657 0.002221 0.000117113 0.586169 0.587353 0.000109562 0.000140972 
0.916692 0.0010195 0.458928 0.00468568 0.000384714 8.67794e-006 0.000795508 1.24886e-005 
0.000634939 0.590113 0.593922 0.000348637 2.59219e-005 0.583938 0.000228241 0.00391495 
0.000791732 9.23259e-008 0.464499 0.913547 0.000276576 8.79751e-006 0.00017621 0.000138563 
0.596705 0.00939317 0.587766 0.000312642 0.587677 0.000106664 0.000375679 3.63103e-006 
0.926995 0.00180296 8.04468e-005 0.000610142 1.47449e-006 0.000263119 0.000179642 0.456102 
0.000635369 0.915856 6.04899e-005 9.89895e-006 0.456033 7.45643e-005 0.000204383 1.65553e-005 
4.7814e-006 4.5272e-006 0.00131249 0.595702 0.592843 0.593487 0.000346611 8.8658e-007 
0.00015258 5.59997e-006 0.000654651 0.457951 4.96043e-005 7.64192e-006 0.911341 5.51434e-005 
0.000537141 1.02508e-005 0.24792 0.438436 0.000120796 4.25167e-005 0.995854 9.54844e-005 
0.594219 0.000142943 0.588684 0.00201674 1.33535e-005 0.582388 0.00164427 0.000278741 
0.00029808 0.913516 5.98299e-005 0.000592519 1.19642e-005 0.45706 0.000222225 6.40873e-005 
8.47981e-005 0.588967 0.592746 0.000767864 7.18562e-005 0.00121461 0.00018693 0.581792 
0.000162306 0.000157158 0.597227 0.59447 0.000161753 0.589071 1.09992e-005 5.21537e-005 
0.115863 0.117304 0.689844 0.153728 0.130172 0.148424 0.130405 0.68455 
0.108048 0.109687 0.109336 0.987127 0.116878 0.115595 0.0895129 0.110617 
0.596961 0.598521 6.45469e-005 0.000787065 0.00010985 0.000448614 0.000648895 0.588597 
2.00147e-005 2.01025e-005 2.47096e-007 1.42818e-005 1.6164e-005 0.263188 0.978766 0.138229 
0.125804 0.969933 0.160125 0.0885696 0.116843 0.114465 0.129143 0.13451 
0.595398 0.584125 0.00314068 0.588111 0.000130491 0.000121613 0.00010836 0.000131945 
0.471613 0.000413275 2.21457e-005 0.000106638 0.929773 7.57819e-005 0.003271 0.000558395 
0.460046 0.91748 8.57129e-005 0.0010125 1.2053e-005 0.000137805 0.000305492 7.66661e-005 
9.9988e-008 8.05506e-005 0.452441 0.000219016 9.00114e-005 0.90965 0.00154727 0.000123898 
0.000669446 0.593372 0.599184 0.00156144 0.577969 2.60525e-005 0.000197627 3.84129e-005 
0.968777 0.128197 0.173444 0.113744 0.0994321 0.107541 0.136642 0.107209 
0.591745 0.594659 7.00593e-005 0.000361061 0.589282 0.000107485 0.000305147 2.81477e-005 
0.466307 0.000733268 0.000650541 0.000199803 0.000240965 8.89374e-005 0.000276392 0.910471 
0.00143309 6.42288e-007 0.600916 0.000260169 7.98289e-005 0.597799 0.00158285 0.593938 
0.69862 0.141713 0.133656 0.673467 0.126726 0.131536 0.129853 0.134545 
6.5663e-007 0.00037837 0.913387 0.454855 0.000120324 2.67541e-005 0.000192189 3.37719e-005 
0.000148023 0.000158521 0.127244 0.250256 0.859454 0.000143204 0.475589 7.867e-005 
0.00229199 0.589243 0.595133 0.587032 0.000139255 0.000121765 0.000188075 0.00260699 
0.00419811 0.374417 0.00162176 0.000345045 0.000518605 0.000203457 0.952076 7.97427e-005 
1.07265e-011 6.26349e-013 3.22886e-010 6.58514e-011 2.09853e-011 2.71661e-008 1.29026e-010 1.01394 
2.79633e-005 1.77339e-007 0.000503956 0.46413 8.81172e-005 0.926838 1.23937e-005 4.18251e-005 
0.00418287 0.5934 5.9653e-005 0.588931 0.000754415 0.589448 0.000208304 0.000113927 
0.110763 0.113253 0.981995 0.0866538 0.117299 0.121024 0.102102 0.10666 
5.50499e-007 9.26142e-005 1.60298e-006 5.40498e-005 0.460154 4.75993e-005 2.65978e-005 0.913312 
0.59812 0.000425418 0.590059 0.000168989 9.26089e-005 0.000256232 0.000965614 0.58678 
0.00194294 0.596372 0.000238122 0.000588764 0.587906 0.000399983 0.000177139 0.584938 
0.466801 0.00378085 5.2981e-005 0.000175037 7.83788e-007 0.91055 0.000191724 0.000353779 
0.587606 0.000499981 0.594789 0.587684 2.24787e-005 6.93965e-005 0.0010423 0.000493978 
0.000115392 9.62468e-005 3.03513e-005 0.914756 1.06706e-005 8.41739e-005 7.54365e-006 0.451671 
0.000823812 2.42416e-005 0.458557 1.66416e-005 0.914611 0.000153801 0.000174305 0.000791194 
0.000709424 1.0226 6.75402e-005 1.10527e-005 1.30752e-005 2.77561e-005 0.000192601 8.12761e-005 
0.596228 0.00118448 0.000120063 0.592309 2.40593e-005 0.586498 1.22344e-005 0.000400929 
0.142435 0.141504 0.134494 0.133059 0.137756 0.686459 0.138836 0.68035 
0.000233821 4.14561e-006 3.30696e-006 1.02146 1.19153e-005 3.5682e-005 0.000150458 1.6133e-005 
0.126305 0.129814 0.156471 0.149036 0.696759 0.128546 0.152357 0.658863 
0.123417 0.120115 0.666638 0.693305 0.138262 0.130097 0.221589 0.138492 
0.323258 0.00378859 3.44507e-005 0.321155 1.30451e-005 0.0234983 0.91746 0.000395071 
8.01354e-005 7.51588e-005 2.21508e-008 5.71804e-008 0.921146 9.86172e-005 1.00472e-005 0.455494 
0.000102431 0.455514 0.91887 0.000441723 0.00013723 0.000107613 0.000311317 2.82973e-005 
4.94681e-006 8.61218e-008 0.000101642 0.46201 0.000224964 1.02599e-006 7.96581e-005 0.911247 
0.000391354 1.24317e-005 1.58614e-005 0.910584 0.454885 0.000146975 1.47381e-005 7.36564e-006 
0.000274774 0.000260987 3.40691e-005 0.000191256 0.432714 1.55783e-006 0.925181 3.88576e-005 
0.00117159 0.92004 0.462093 6.36775e-005 1.05463e-005 7.7708e-006 0.00196928 2.81381e-005 
1.47795e-007 1.29146e-005 5.50113e-005 0.593776 0.591152 0.000143458 9.22742e-006 0.586903 
0.00030857 0.468527 4.5549e-005 7.84525e-005 3.72335e-005 0.000701389 0.000288132 0.92552 
0.000336383 0.000203047 1.69385e-005 0.913852 0.000194005 0.453644 1.47725e-005 7.38281e-006 
0.676459 0.137881 0.128734 0.144792 0.69417 0.128656 0.137365 0.134344 
0.14184 0.681021 0.678067 0.108919 0.143352 0.127501 0.173411 0.133346 
4.43368e-005 1.61562e-007 0.911815 0.000232418 0.000101194 0.000175404 0.000223718 0.451628 
0.689939 0.13781 0.127671 0.134942 0.135897 0.681821 0.140917 0.130149 
0.693445 0.116178 0.673233 0.146173 0.139031 0.132675 0.135974 0.132737 
0.916743 0.000248296 0.000107716 0.000979856 0.000241733 0.450636 1.45916e-005 7.73578e-005 
0.45751 3.39025e-005 0.000127606 0.910681 0.000244419 5.84046e-005 0.000139496 8.72597e-005 
0.135752 0.69499 0.138493 0.681225 0.1295 0.140849 0.130337 0.13531 
0.132236 0.137089 0.141042 0.684959 0.695141 0.132086 0.138287 0.136359 
3.9558e-005 1.10992e-006 0.182582 0.322889 8.89607e-005 0.338575 0.992976 9.52085e-005 
0.536169 0.520554 0.380767 0.591368 1.64618e-005 0.00386652 0.000108908 0.000134667 
0.72567 0.00941373 0.00271593 0.000143211 0.716789 0.0169109 0.00010956 0.000140969 
0.597939 0.022134 0.000645763 0.000449884 0.590725 1.40945e-005 0.000126473 0.579677 
0.000283274 0.000267649 7.9903e-006 0.000237249 0.476531 0.906818 0.0106576 1.96863e-005 
0.296225 0.266754 0.33412 0.514548 0.136118 0.692499 0.119936 0.00475839 
0.101508 0.782614 0.131798 0.420351 0.108606 0.431853 0.129414 0.134405 
0.00184631 7.33525e-007 0.00011653 0.839644 0.0231825 0.593158 0.00643178 8.86106e-007 
0.693381 0.134294 0.129668 0.142132 0.140791 0.675043 0.137655 0.135111 
0.143838 0.142926 0.65895 0.694265 0.139133 0.131913 0.20979 0.138374 
1.02299 0.000167589 0.00010861 0.00038358 1.71761e-006 0.00775425 0.000189796 0.000353703 
1.76019e-005 0.0155344 1.01531 7.26825e-005 1.37711e-005 0.0166546 0.132193 7.72133e-005 
0.739753 0.150057 0.141526 0.624421 0.127422 0.126467 0.129787 0.134477 
0.0118185 0.57078 4.20861e-005 0.000563616 0.609007 0.0041643 0.00053501 0.583075 
0.142847 0.68586 0.015877 0.00423063 0.00113502 0.706785 0.183479 0.135009 
3.91403e-006 2.32653e-006 2.04067e-007 0.010591 0.914786 0.454138 1.47886e-005 5.21276e-005 
0.908684 0.45793 5.59907e-005 0.00102602 1.5522e-005 4.24257e-005 0.000606058 5.07422e-005 
3.05806e-006 2.71166e-005 4.59017e-006 1.06438e-006 4.0186e-006 0.909487 3.8826e-006 0.459306 
0.327886 3.82357e-005 0.242446 0.74095 0.556042 0.00417608 0.180425 0.000139006 
0.00704715 1.02889 0.0441171 0.0165551 9.29443e-005 0.00701011 1.49138e-005 7.45341e-006 
0.130279 0.130816 0.142284 0.0235973 0.159026 0.0360531 0.0502591 0.982119 
0.34031 0.252257 0.00643777 0.000391025 2.03136e-005 0.000230198 0.927115 0.000305559 
0.272029 0.186409 0.0635316 0.0365716 5.67201e-007 0.676581 0.00630527 0.690999 
0.163431 0.133409 0.00960166 0.0432327 0.659914 0.721995 0.142616 0.135553 
2.65121e-005 0.0164078 7.80441e-005 1.0154 0.143484 0.00152062 0.00019317 8.15162e-005 
0.000549652 0.510554 0.518576 0.000303033 0.726574 0.00340066 0.000199243 8.13375e-005 
0.0303408 0.00171884 0.000591826 0.00016076 0.00447031 0.536568 0.86333 0.155801 
0.713341 0.00031522 0.675526 0.108862 0.144947 0.121948 0.177916 0.00283338 
0.334179 0.201138 0.84078 0.0405819 0.0491408 0.458734 1.50022e-005 6.20426e-005 

