0.00213807 0.00228518 0.00313 1.66091e-005 0.453257 0.000359604 0.910649 0.000180553 
0.00562789 0.00577629 0.0135771 0.637324 0.545126 0.00118374 0.000644575 0.56478 
0.132735 0.965865 0.092436 0.0922953 0.0977011 0.122108 0.0706459 0.0958837 
1.15129e-005 0.00467495 3.94501e-006 0.00073093 0.000206825 0.593777 0.588199 0.572716 
1.7906e-007 0.000100183 3.72593e-006 2.00484e-006 0.925978 0.486819 0.000203272 0.00110068 
0.113041 0.0764542 0.0287709 0.186819 0.680332 0.117966 0.702726 0.0978197 
0.134246 0.107384 0.66291 0.135909 0.141524 0.125773 0.0720271 0.707468 
0.594392 0.600909 0.0315297 0.0189979 0.0150402 0.00197912 0.565922 0.000652815 
0.00024481 0.617497 0.00366604 0.00269645 0.0121594 0.605441 0.595013 0.000244429 
0.00151665 0.0140717 3.64489e-005 0.904848 5.87908e-005 3.30413e-005 0.000414049 0.449049 
0.000509717 0.908073 0.00142125 0.0111991 0.434699 0.000142369 7.47008e-005 0.000156485 
7.92083e-005 0.00152143 4.44062e-006 1.44828e-005 0.00017979 0.46261 0.000200055 0.922951 
1.19758e-006 0.000245108 0.000857812 0.00088405 1.19061e-005 8.0007e-006 0.907492 0.450583 
0.00297455 9.00726e-005 0.000233734 0.57938 0.00155842 0.588539 0.570201 0.0113569 
0.000753032 0.0108527 0.584561 0.601694 5.15044e-006 6.54475e-005 0.561171 0.000187355 
0.0835804 0.0940152 0.684172 0.699008 0.141297 0.10321 0.171985 0.0909505 
0.906578 0.0155155 0.00926535 0.000768839 0.000298934 0.000359916 0.00443622 0.465389 
0.109296 0.680824 0.689213 0.145473 0.147562 0.158512 0.0715485 0.074901 
3.36196e-006 3.16219e-010 1.27113e-006 3.01648e-005 3.34035e-007 2.36518e-005 1.01312 3.35563e-007 
0.00142295 0.455879 0.00206198 0.000123064 2.9617e-005 0.89821 0.000462786 0.00388284 
0.00684512 2.26901e-005 0.582716 0.601304 0.000884066 0.577335 0.000569746 0.00332486 
1.03587 0.00136879 0.00277773 0.000813959 0.000872987 0.00115757 0.000343483 0.000981694 
0.00307433 6.35644e-005 6.76128e-005 2.50192e-005 0.455804 0.00189385 0.000845527 0.895097 
0.679099 0.154945 0.155283 0.141068 0.0985639 0.120523 0.67235 0.132347 
0.000310879 0.606898 0.615506 0.531813 4.30435e-005 0.00315417 3.27757e-005 0.00681062 
0.638652 0.00248811 0.0097173 0.000547872 0.568423 0.00185347 0.000448115 0.547887 
0.000170079 0.584978 0.00452598 0.000643216 0.000268911 5.80503e-005 0.579408 0.571679 
0.597153 0.00222068 0.0148743 0.593505 0.000640776 0.573558 0.000580457 0.0176151 
0.490312 0.00158481 0.00844671 0.00225916 0.0116308 5.51827e-005 0.889546 0.00321036 
0.129506 0.107032 0.202702 0.233657 0.0462223 0.650218 0.0223203 0.690091 
0.124375 0.0841199 0.147906 0.196887 0.948002 0.14728 0.101446 0.136887 
0.594316 0.00369788 0.00607322 3.52149e-005 0.00951502 5.93349e-005 0.588756 0.580903 
0.0157986 0.632065 0.643601 0.0111797 0.00197172 0.466614 0.000436998 0.00248699 
0.101047 0.0610969 0.135945 0.169532 0.215668 0.7181 0.633871 0.0791786 
0.570087 0.000197771 0.00114646 0.580478 0.588124 0.0105611 0.00197209 0.00112676 
0.000221805 0.00610241 2.91733e-005 0.622378 0.623339 0.00139508 0.60088 0.00354237 
0.45483 0.0286019 0.00122206 0.00857023 0.000384136 0.937429 0.000356082 0.000307404 
0.459564 0.00178435 0.00211029 0.000417759 0.000117524 9.43073e-005 0.000200617 0.905352 
0.000771989 0.469294 7.69357e-005 0.00176897 0.905169 0.00553759 0.000275646 0.00452713 
0.536774 0.0198907 0.00197705 0.000361755 0.6346 0.00109834 0.565323 1.3726e-005 
0.683157 0.0391185 0.141559 0.702148 0.117946 0.102186 0.172199 0.0912299 
0.00219281 4.80134e-006 0.897197 0.000887338 0.000364347 0.012778 0.447511 0.000352139 
0.120932 0.692832 0.146261 0.672056 0.090699 0.102852 0.171514 0.0914014 
0.0060849 0.00597269 0.589402 0.0113236 0.000269607 0.598893 0.573998 0.000575049 
0.101501 0.102781 0.988137 0.0471518 0.0922005 0.10891 0.0682287 0.0788456 
2.06493e-005 0.00232211 0.930946 0.458893 7.02896e-005 0.00359211 0.00103595 8.83324e-006 
0.609332 0.00422855 3.27005e-005 0.0399909 0.65876 0.479183 0.000527731 0.00424624 
0.00836641 1.08864e-005 0.936444 0.000559389 0.00149266 0.000550317 0.000565913 0.443335 
0.114769 0.00723588 0.735362 0.118373 0.653564 0.158777 0.0660121 0.06048 
0.000214597 0.615003 0.0125179 0.573748 0.014954 0.000252895 0.562679 0.00017429 
0.0146321 0.465158 0.00792029 0.00208079 0.000357409 0.000365675 0.901192 0.00109005 
0.584485 0.0190245 0.00229395 0.602809 0.00485263 8.53885e-005 0.570172 0.0039392 
0.000473107 0.00035722 1.90164e-006 0.460307 0.000784008 2.41847e-005 0.899878 1.56186e-005 
0.101159 0.113453 0.696582 0.113882 0.109201 0.685971 0.0765874 0.115051 
0.00121189 0.00869987 0.000701071 0.579306 0.00157216 0.588536 0.0116959 0.580475 
0.465334 0.00185343 0.937007 0.000667073 0.0008804 0.000252704 0.00224311 0.000861896 
0.937418 0.0030586 0.36479 0.0105547 0.000168818 0.000160592 0.000664003 0.000732805 
0.440081 0.0242242 0.00890145 0.912754 0.000367857 0.000924461 4.54527e-005 0.005846 
0.00158279 6.439e-006 0.911094 0.0039304 0.000573261 0.455611 6.94546e-005 0.00280753 
0.905647 0.00417976 0.000126767 7.65224e-005 0.000119004 8.59533e-005 0.444286 0.00385685 
2.20559e-006 1.78017e-008 0.000268371 2.76129e-005 2.05837e-005 2.11079e-008 0.450791 0.902274 
0.118509 0.0079397 0.130123 0.174396 0.0476061 0.119325 0.689764 0.689558 
0.000220192 0.000204146 1.11771e-005 0.000183842 0.904465 9.42668e-006 0.464117 0.000356871 
0.603802 0.594744 0.00937872 0.627628 0.00180417 0.0146481 0.00642126 0.000141912 
0.652839 0.0223351 0.619719 0.00384764 0.0202236 0.47204 1.89781e-005 0.000443916 
3.62457e-007 0.0011386 0.581321 0.598745 1.23679e-005 0.000768146 3.22879e-005 0.566658 
0.904659 0.00301761 9.92921e-005 0.000703842 0.445031 0.000167662 4.55458e-005 0.000170285 
0.601328 0.0122247 0.602412 0.0143175 0.00885544 0.000239399 0.001608 0.597009 
0.00460775 0.57247 0.00116056 0.582923 0.590601 0.0106056 6.27981e-005 0.00416039 
0.0271727 0.0269512 0.0535158 0.992253 0.0754068 0.112451 0.0948877 0.113715 
0.1233 0.719984 0.12766 0.1179 0.657806 0.104193 0.0681219 0.112463 
0.00387589 0.000301063 0.446382 0.910679 2.48219e-005 0.000906985 4.54781e-005 0.00105294 
0.00283703 0.908915 0.00411109 0.000179379 5.90492e-005 0.000208832 0.000417599 0.451269 
0.00346402 0.608263 0.580165 0.00345565 0.0119576 0.000656968 0.561315 0.00743698 
3.77668e-009 7.58501e-007 7.8113e-007 8.7391e-009 5.29561e-005 1.01329 4.81002e-006 8.96352e-006 
0.000372377 0.939265 0.00560148 0.000159595 0.0183195 0.470878 2.01013e-005 0.000251083 
0.00384621 0.00305396 7.78338e-005 0.466309 0.0178567 0.00163276 0.000281997 0.900736 
8.30175e-010 1.10641e-008 2.37445e-008 5.17592e-009 3.6357e-009 1.76328e-010 3.82106e-010 1.00633 
0.476808 0.0165016 0.0157883 0.00971279 0.908521 0.00570029 0.0165637 0.000771692 
0.000120966 0.0102348 0.462726 0.000460406 0.000355397 0.000363616 0.896119 0.00108306 
0.00613487 0.461638 0.934435 0.000565838 0.000878632 0.00361433 0.00568762 0.00363865 
4.13868e-005 0.638743 0.0309809 0.000557273 0.564204 0.561659 0.000142388 0.000524074 
0.457687 0.906818 0.00359702 0.00481408 0.00183182 0.00204114 0.000672781 0.000329208 
0.984324 0.0687096 0.108873 0.116452 0.0924783 0.104219 0.0682372 0.0836716 
0.0178048 0.624327 0.00300067 0.00251518 0.621803 0.000697872 0.597252 0.00326745 
2.92858e-005 0.00116354 5.4749e-005 0.617847 0.539574 0.602721 0.0196095 0.000520758 
0.0113233 0.588344 0.589277 0.0159973 0.000711703 0.0160983 0.00521312 0.573522 
0.57879 0.598014 0.000183544 0.035551 0.579462 0.00299645 0.00107432 0.000505366 
0.000364808 1.04549 6.73356e-005 0.000636028 6.80686e-005 0.00016666 5.22202e-005 0.000189978 
0.905735 0.0033016 0.000808818 0.459056 0.00250425 0.000197192 9.34258e-005 0.000185474 
0.604625 0.0162341 0.59021 0.000725697 2.79219e-005 0.000111603 0.555263 0.000181421 
0.0189156 0.580796 0.605205 0.00178724 0.568258 0.00017578 0.00397441 0.000453572 
0.101123 0.0711563 0.123606 0.152556 0.674801 0.697576 0.133105 0.124458 
0.0256737 0.106817 0.110737 0.697201 0.0931176 0.171528 0.000406195 0.702121 
0.0199739 0.00167304 0.0807156 0.691383 0.154521 0.689748 0.0853589 0.110961 
0.118628 0.680142 0.153715 0.110703 0.0991169 0.118481 0.0483052 0.699852 
3.438e-006 1.83182e-007 3.66014e-006 1.23314e-008 1.00416 9.67375e-005 2.023e-005 1.50438e-006 
6.79778e-005 0.00522415 9.46988e-007 0.933745 0.462121 0.000173265 4.09927e-005 0.000139965 
0.0755576 0.0562139 0.103281 0.182478 0.0425042 0.110498 0.973988 0.123264 
0.574559 0.00129687 0.00649823 0.00246388 0.000730958 0.577629 0.00625284 0.589483 
0.000113052 0.0043817 0.591304 0.00413598 0.591994 0.572347 7.89594e-005 0.000518537 
0.105055 0.0714228 0.126709 0.168769 0.213408 0.943433 0.0959527 0.136033 
0.000113133 2.47515e-007 0.00523914 5.19103e-006 7.95126e-007 0.898947 0.444588 0.000351876 
4.69965e-009 9.01613e-010 4.91568e-009 5.47973e-007 1.07183e-006 0.906372 2.13881e-005 0.451551 
0.925201 0.00376384 0.00436234 0.000379456 4.18868e-005 0.462669 7.78143e-005 0.00282076 
0.0150749 0.0107287 0.0257995 0.695409 0.708804 0.103922 0.0942076 0.111819 
0.000176646 0.605824 0.00936532 0.0116164 6.72188e-005 0.58519 0.000225102 0.577453 
5.608e-005 0.000717194 1.01204 0.000494822 0.000160558 4.11815e-005 2.58573e-005 0.000188856 
0.100347 0.674376 0.130793 0.110949 0.0857634 0.711216 0.0580806 0.109159 
0.541974 0.548009 0.658316 0.000870416 0.000341573 0.000123332 0.000229094 0.000181858 
0.00350517 0.00364093 0.612234 0.00406785 0.00856319 0.0090978 0.569915 0.574258 
0.0942074 0.0909256 0.254004 0.134674 0.0567416 0.16358 0.175539 0.929266 
0.000325356 0.932425 0.000130514 7.87842e-005 6.07074e-005 8.84939e-005 0.457418 0.00397084 
0.59175 0.0111286 0.616401 0.00213893 0.54485 0.00122687 0.00119625 0.000689201 
9.66668e-006 0.000374747 1.79235e-005 0.903432 0.000125069 0.442482 0.000423067 0.000522147 
0.000158996 0.00244552 1.10147e-005 0.455898 0.906037 0.00537873 0.000121068 0.000425224 
0.00474423 0.467064 0.00106466 0.00103686 0.000107136 0.00163421 0.000230442 0.901533 
0.598893 0.00218883 0.00500013 0.0115052 0.000344447 0.57653 0.586291 0.000216822 
0.000289446 0.573957 0.00215903 0.592084 0.00125713 0.589852 0.000567936 0.00336 
0.60619 0.0226407 0.615217 0.533807 4.30732e-005 0.00301389 5.07632e-005 0.0208068 
0.699468 0.0488256 0.701744 0.0196325 0.0916072 0.104622 0.0662527 0.125716 
0.000901608 4.00279e-005 0.600512 0.00582241 8.68576e-005 0.59248 0.000661658 0.558951 
0.00293557 0.000118801 0.619857 0.00147447 0.616251 0.00313407 1.45079e-006 0.545659 
0.873006 0.517647 0.00359105 0.00477971 0.00185386 0.000153547 0.000357529 0.000429466 
3.55623e-006 0.000271855 0.00601735 0.00463343 0.602492 0.58467 0.00148377 0.570182 
0.677849 0.692385 0.11932 0.154959 0.0911624 0.162671 0.0714107 0.0785555 
0.000260734 0.936861 0.366281 0.0124058 6.49855e-005 0.000160598 7.46395e-005 0.000156631 
0.000237885 0.00264672 0.00267304 0.585352 0.00462267 0.000465568 0.58863 0.588638 
0.00805188 0.000557096 0.435845 0.000239432 0.00156444 0.921346 0.000147635 0.0035452 
0.685581 0.0396482 0.141936 0.117854 0.0846645 0.07295 0.123601 0.70773 
0.135275 0.0919757 0.034052 0.156086 0.687855 0.118749 0.0417847 0.694824 
0.687702 0.0401487 0.13215 0.112039 0.107181 0.702183 0.0767905 0.11169 
0.58675 0.00217831 0.000888275 0.582986 0.000634088 0.000953863 0.000290147 0.595233 
3.18036e-005 0.000406877 0.00674624 0.00411942 0.00030457 0.458389 0.894259 0.00135215 
3.0244e-007 1.14981e-005 0.000428386 0.922435 0.000170801 0.000818325 0.427275 0.000161547 
0.0258834 0.00220849 0.0816734 0.712482 0.158978 0.0882154 0.682109 0.113876 
0.00143368 0.022505 0.467661 0.0010635 0.000265354 0.00163811 0.00028292 0.903686 
0.095474 0.671248 0.15314 0.115784 0.158198 0.116376 0.693154 0.130638 
5.52869e-006 2.25289e-007 1.03758e-005 0.466486 0.00159572 0.906296 0.00080474 0.000284648 
0.00276335 0.56766 0.00579737 0.00374406 0.611522 0.000138408 4.94843e-005 0.5859 
0.579161 0.604212 0.00854754 0.00552018 7.96441e-005 0.00013884 4.96387e-005 0.579191 
0.000319371 0.915273 2.17259e-005 0.447411 5.97175e-005 0.000118926 5.08859e-005 6.98263e-006 
0.00127428 0.512038 0.00221178 0.935225 0.0089082 0.00276691 0.00737272 0.000181171 
0.728605 0.0675176 0.142617 0.109133 0.665013 0.0978493 0.0730589 0.113384 
1.88811e-008 4.17994e-005 0.000788813 1.19149e-007 0.583641 5.82576e-005 0.578066 0.587504 
0.00631792 0.000112614 0.00140397 0.00103902 0.588083 0.575984 0.588351 2.54282e-005 
0.00105104 6.72022e-005 1.55151e-006 6.045e-006 0.90432 1.6904e-005 0.000368474 0.44142 
2.1386e-006 2.39323e-005 9.35348e-006 1.00691 9.93566e-006 3.84591e-005 0.000130257 0.000169475 
0.000104496 0.00786317 0.501353 0.000271403 0.913002 0.00367073 0.00568414 0.00363643 
0.000215429 0.015036 0.958899 0.00226133 0.47136 0.000246267 0.000584021 0.00290235 
0.547872 0.610978 0.00984878 0.000647139 0.00910177 0.610918 0.00216569 0.00137888 
0.0789871 0.0471127 0.698561 0.113607 0.0812021 0.117542 0.689677 0.131338 
5.76893e-005 0.00407156 0.621245 0.0014049 0.627477 7.3259e-005 0.594336 0.0109892 
0.000479108 0.0239219 0.60585 0.616896 0.577373 0.000170184 0.000644443 0.000550896 
0.00775852 0.598338 8.67227e-005 0.611883 0.000152566 0.00034406 0.000531071 0.586873 
7.28234e-009 9.6275e-008 2.29668e-006 1.83641e-008 0.459377 0.892364 3.80139e-005 1.50364e-006 

