0.59107 0.000496384 0.000445356 0.000479392 0.000717603 8.85013e-005 0.583711 0.584442 
0.00210231 0.59181 0.582576 0.00010616 0.568434 0.000176669 0.0005161 0.000699201 
0.121566 0.691662 0.142045 0.121757 0.157318 0.125976 0.66466 0.114843 
7.97023e-006 5.56726e-006 1.97175e-005 5.56983e-007 1.52503e-008 1.01222 1.16605e-005 3.49936e-006 
4.5273e-006 0.000636635 0.909625 7.87772e-005 0.453251 9.78101e-005 0.0032725 0.000470546 
0.102624 0.102041 0.691974 0.0814639 0.101011 0.701407 0.122239 0.0895859 
0.723377 0.0691897 0.0654032 0.653901 0.132904 0.124499 0.118386 0.134442 
0.677995 0.0412565 0.157647 0.0938496 0.685527 0.123519 0.117393 0.150387 
2.64996e-006 4.5402e-008 1.20509e-009 1.70494e-009 3.81646e-007 7.52491e-009 1.00552 4.61043e-007 
0.590971 0.0062695 0.000298041 0.00621059 0.000781075 0.578746 0.569353 0.000196094 
0.119233 0.659022 0.692023 0.129285 0.139378 0.150377 0.111356 0.137808 
0.00238917 0.580078 0.000819175 0.572344 0.000620146 0.59143 0.000224631 0.00139388 
0.00268849 0.000198259 0.588422 0.000398176 0.573473 0.58347 0.000109017 0.000126773 
0.587419 0.000340738 0.00495839 0.000499403 0.577195 0.579362 0.000109803 0.000148772 
0.896749 0.00495003 0.000218102 0.000134668 0.000586988 0.455951 3.18787e-005 0.00396035 
0.129166 0.087797 0.0649109 0.10375 0.0809028 0.722377 0.65897 0.111741 
1.67409e-005 0.000254898 0.450797 2.01801e-005 0.000308213 0.910471 4.19351e-005 4.60349e-005 
0.000131601 0.00708424 2.45275e-006 0.90295 0.000711722 0.455278 0.000119698 9.95102e-005 
0.588022 0.000328075 0.00374954 0.576286 0.00188682 0.59125 0.00494091 0.00140322 
6.12626e-006 3.5484e-006 0.000164596 0.448958 5.18674e-005 7.23404e-005 5.3115e-005 0.89988 
0.000737407 1.01953 0.000544367 4.56852e-005 0.000448583 0.000121567 4.20821e-005 0.000126287 
0.00148988 0.898746 0.000514497 0.00285347 0.000397908 0.449943 6.4915e-005 0.000126933 
0.00149369 0.584231 0.580457 0.000394374 7.225e-005 0.583863 2.36738e-005 5.82818e-006 
0.000975474 0.910321 0.000189452 0.000674135 0.00226693 8.77716e-005 0.00352204 0.451448 
0.000307531 0.590414 0.000348721 4.18438e-005 0.579911 7.51596e-005 3.87886e-005 0.581576 
0.00584473 1.21779e-006 0.591899 0.000283044 0.58383 6.75168e-005 0.586066 0.00012948 
0.119491 0.67986 0.139427 0.119673 0.141124 0.123356 0.111724 0.678151 
3.50739e-006 8.99248e-009 0.0034994 0.587254 1.34296e-005 0.579213 0.576119 0.000293611 
0.45093 0.00457355 0.000351243 0.00126835 0.000560328 0.908944 0.000128794 0.00241534 
0.000392905 8.65232e-006 0.586684 0.000399928 7.81192e-005 0.586679 0.580183 0.00516988 
0.122796 0.724297 0.0651566 0.649964 0.132803 0.124908 0.118798 0.133804 
0.0731399 0.070164 0.0951454 0.133915 0.676802 0.68965 0.12135 0.158542 
0.000287956 1.00158e-006 2.74045e-006 0.9112 7.00751e-005 0.000672715 0.448028 0.000106066 
1.01787 5.31631e-005 0.00044259 0.000320527 0.000434414 0.000221139 4.22397e-005 2.33489e-005 
0.589701 0.000141109 0.000611063 0.00028198 0.580914 6.72219e-005 0.583363 0.000227035 
0.000514195 5.26417e-006 0.907463 0.000736269 0.000289496 0.45748 6.51668e-005 0.000149648 
8.27398e-007 4.62654e-005 1.28601e-007 4.53762e-008 7.9198e-009 0.452633 0.904697 3.52883e-006 
3.45965e-008 7.05676e-007 2.19715e-005 4.65734e-005 0.451571 0.907053 3.85837e-005 3.47207e-005 
0.0953969 0.0808967 0.104491 0.0910434 0.0385183 0.135306 0.13969 0.974478 
0.000322499 4.7912e-006 0.460827 0.000311472 0.00175537 0.000490879 0.901657 0.000140124 
0.176827 0.141275 0.0987344 0.958788 0.142508 0.0672666 0.107965 0.0841374 
0.336854 0.945169 0.00191669 0.00250247 0.000763594 0.000482187 0.000589891 0.000168424 
0.00463387 0.581877 4.41824e-005 0.581786 0.578371 0.000119934 0.00170011 0.000104264 
0.968468 0.0944313 0.0875785 0.125457 0.0746322 0.124387 0.12247 0.134383 
0.00366397 5.40558e-005 0.583002 0.57881 0.00155119 0.001568 5.12613e-005 0.591136 
7.16608e-005 0.000433945 1.13844e-005 5.52157e-009 0.900194 0.00057553 0.000220191 0.451457 
0.000958179 0.00092696 4.09773e-006 0.00160241 0.904436 0.455072 0.000260738 0.000100619 
0.587782 0.000635595 0.00207637 0.000271841 0.577884 0.000142848 0.000185649 0.585072 
0.000174797 0.00266146 7.93206e-005 0.449528 2.72673e-005 0.907925 4.18179e-005 4.59061e-005 
0.00320879 5.14423e-006 0.584173 0.00085692 5.24891e-005 0.00161556 0.582144 0.582937 
0.106142 0.709088 0.116182 0.123422 0.654705 0.122935 0.119203 0.127661 
0.00451018 0.460122 2.32179e-005 0.00125488 0.000787584 4.85558e-005 0.904999 0.000218928 
0.912327 0.00303402 7.9714e-005 0.00256464 0.000140639 0.00400001 0.441799 3.22176e-005 
0.0011332 0.598978 0.000513085 0.000265906 0.000230574 0.000130982 0.57642 0.582462 
0.00874161 6.21061e-007 3.14467e-005 0.577297 0.581235 0.583847 0.0088127 0.000220912 
5.08947e-011 1.9708e-008 3.39799e-012 1.87133e-008 1.10853e-010 1.48795e-011 9.47736e-011 1.01428 
0.10338 0.101197 0.691257 0.110909 0.681988 0.139562 0.0998101 0.13334 
5.21275e-005 0.000157163 1.48332e-005 0.453036 0.896986 0.000132744 0.000249826 1.81227e-005 
0.167482 0.111371 0.0930227 0.149075 0.056192 0.700647 0.0870973 0.67356 
4.56511e-006 0.00178516 0.453703 0.000361373 0.000393832 7.82448e-005 1.23562e-005 0.91102 
0.000274226 0.000152375 0.00339783 5.39187e-007 3.7442e-007 0.453348 7.41646e-005 0.908939 
0.000109167 7.7542e-005 0.000106177 0.907717 0.455447 3.34071e-005 6.5271e-005 0.000148995 
0.000283853 1.98347e-005 0.0002825 0.00139472 0.578963 0.5828 0.001783 0.580787 
0.00333864 0.91105 0.000489293 0.000350249 0.449257 0.00112031 0.0015343 0.00158048 
8.72582e-005 0.000540873 1.24394e-005 2.27769e-006 1.15258e-006 4.47553e-008 0.897052 0.451159 
4.86341e-006 7.5447e-005 3.26339e-006 8.10821e-006 0.450169 5.99568e-005 0.901789 9.74642e-005 
0.000741625 0.592347 0.000269755 3.46724e-006 0.00014844 0.591652 0.00020111 0.56287 
0.14234 0.0949283 0.0792161 0.125287 0.0474519 0.101435 0.714345 0.668318 
0.00293688 0.582041 0.00312098 0.592685 0.00192554 0.000985639 0.00122863 0.576252 
0.0128451 0.584814 0.582813 0.586692 0.00106684 0.00103079 0.000140382 0.000105736 
6.9421e-005 5.9421e-008 3.40764e-006 4.79124e-008 0.590761 8.8455e-005 0.583405 0.583966 
0.12351 0.121583 0.0748195 0.6993 0.107186 0.103963 0.68257 0.131106 
0.453345 0.000258594 0.905822 0.00247687 0.000449864 3.70031e-006 6.27656e-005 0.000120495 
0.46007 0.00311875 1.28818e-005 0.904964 0.00101941 0.000115806 1.86535e-005 0.00136719 
5.76516e-005 0.00172294 5.74965e-005 8.5403e-006 7.47482e-006 0.907689 0.452017 7.61235e-006 
0.655354 0.141564 0.700449 0.128299 0.13814 0.138991 0.11557 0.126905 
0.131746 0.673188 0.173293 0.126755 0.0999044 0.682048 0.113308 0.142487 
0.000123355 0.00194997 0.452094 5.88594e-006 0.902104 8.13961e-006 0.000181682 9.93996e-006 
0.902481 0.454688 0.000860657 0.000477482 9.40019e-005 3.39265e-005 0.000270472 0.000295745 
0.458304 3.89738e-005 0.000200048 0.000110859 0.910007 0.00015385 5.22762e-005 1.66895e-005 
0.000173093 0.59221 0.00154216 0.00018746 0.002842 0.579903 0.570388 0.000978795 
0.0011306 0.905455 0.00384462 0.460064 0.000378416 0.00114665 0.000232044 0.00156141 
2.55223e-006 0.000260375 1.31386e-008 0.455073 0.000345632 4.80204e-005 0.89502 0.000218751 
0.000458938 0.585155 0.000159815 0.00016988 0.579536 0.000115675 0.578363 0.00101689 
0.589553 0.000414417 0.591552 3.86908e-005 0.571829 0.000318906 0.000166135 0.000106916 
0.00146182 6.12367e-006 0.580829 0.578558 0.582678 0.000666372 0.00193523 0.000107213 
0.00150012 0.457328 0.000365206 0.00035169 0.908075 9.09139e-005 4.54708e-005 0.000146306 
0.0166957 0.591438 0.583918 0.000369035 0.000135078 0.000181782 0.0153711 0.582562 
9.74344e-005 1.17016e-005 0.000202118 0.583467 0.573088 0.002018 0.000237559 0.583953 
0.00942435 1.01691e-007 0.580504 0.582691 0.000230971 0.00079759 0.574497 0.00159708 
0.000195107 7.00557e-006 4.14781e-007 2.5354e-005 2.81026e-007 9.31953e-008 0.450536 0.903907 
0.000462018 0.45732 3.62246e-005 0.000359313 0.000172652 0.000252032 0.000102038 0.902774 
0.0042983 0.458709 0.0002873 0.90349 0.00234959 0.000122538 0.00185496 3.45915e-005 
0.114536 0.0742837 0.677866 0.669781 0.142591 0.16502 0.189279 0.0889397 
6.92101e-005 0.000354843 8.24268e-005 1.01049 9.55089e-005 1.45732e-005 3.12049e-005 1.82235e-005 
0.177269 0.119741 0.0986482 0.0925758 0.125541 0.12453 0.952055 0.10787 
0.673983 0.201621 0.165016 0.126157 0.0970043 0.100867 0.675972 0.108995 
0.589546 0.000399472 0.580511 0.573122 0.000420312 0.000531353 0.00353277 0.000232555 
0.68271 0.671067 0.135754 0.151925 0.0648744 0.134794 0.110859 0.130769 
0.163715 0.112745 0.0944302 0.688975 0.103743 0.674957 0.111427 0.102508 
0.00115182 0.908337 0.00239373 4.03186e-006 0.00120727 0.0010512 0.44947 0.00155362 
0.178052 0.161291 0.114638 0.0393879 0.688818 0.104248 0.145365 0.669672 
0.000135701 1.5837e-005 0.000147428 0.578621 0.000278068 1.17234e-005 0.579477 0.592649 
0.125242 0.11744 0.959379 0.111835 0.13925 0.0998437 0.11845 0.0889534 
0.0332141 0.119414 0.692059 0.166157 0.154875 0.125802 0.665277 0.138624 
0.000435757 8.88993e-005 0.585008 0.000435261 0.00088201 0.585209 0.0014942 0.584826 
0.458596 2.39524e-005 0.000371394 1.6045e-005 0.000195723 9.98402e-005 4.91661e-005 0.906616 
0.130857 0.115032 0.136487 0.662894 0.139356 0.131971 0.084177 0.708328 
0.581637 0.590741 0.000263002 0.000554126 0.575225 6.03294e-005 3.96384e-005 0.000206856 
0.595804 0.592401 0.00158363 0.00032472 0.000624815 0.550739 0.00192404 0.000156576 
0.913015 9.80019e-005 0.000485588 0.00038543 0.000799212 0.000548033 0.000153756 0.453311 
0.127831 0.11359 0.695947 0.121613 0.158379 0.134917 0.0784833 0.665657 
0.459636 0.000230349 0.00174236 0.000183632 0.00225096 6.25242e-005 0.899293 0.00022064 
0.00208655 0.587375 0.57821 0.000531864 0.000104702 0.000125874 0.580813 0.000124662 
3.48558e-006 5.97427e-008 0.00029083 0.000167214 0.578317 0.58834 0.57618 0.000182253 
0.00955754 0.453381 0.906095 0.00227428 0.000444032 3.70142e-006 6.27845e-005 0.00012225 
0.00186803 2.05668e-006 0.585978 0.578164 0.000260935 0.578418 0.00929761 0.0002979 
0.0010586 6.04384e-005 0.585231 0.0025473 0.580493 0.000142851 0.000185653 0.585086 
4.55831e-006 9.5886e-005 0.445491 0.900049 9.71552e-005 0.000225173 0.000123082 0.000196992 
8.20976e-007 0.000148889 0.00278581 0.584916 3.85997e-005 0.585122 0.000145256 0.583293 
0.902635 0.00498252 0.00017051 0.455308 0.000368221 0.00152108 3.02532e-005 0.00407872 
0.907705 0.007628 0.446292 0.000751733 0.00038273 0.00199069 2.59683e-005 0.00202419 
0.918351 5.90331e-005 0.000515482 0.000271455 0.452891 0.000238291 5.24626e-005 0.000130449 
0.591541 0.592538 0.000445142 0.576588 0.000480454 0.000247423 0.00014626 0.00017386 
6.02899e-005 0.000174511 0.902086 0.458886 0.000782178 0.000227782 3.8149e-005 0.00132838 
0.665265 0.208566 0.163339 0.125019 0.0956425 0.102168 0.122086 0.673078 
0.584054 0.00575995 4.45768e-005 0.579871 0.00082147 0.00157088 5.28804e-005 0.592219 
0.170612 0.115969 0.0853045 0.135586 0.106495 0.950892 0.13727 0.111775 
0.000313062 0.000170799 2.42422e-005 0.907838 2.62931e-005 0.000176326 2.81502e-005 0.450064 
0.602881 0.599437 0.000183114 0.000325428 0.000137044 0.000133954 0.592149 0.000152664 
0.586405 0.000940107 0.577449 0.00121369 0.000138841 0.588443 0.000109787 9.06933e-005 
0.000957572 0.594208 0.000206233 0.000338545 0.579144 0.583553 0.000119785 5.99236e-005 
0.585063 0.00249634 0.58081 0.000559195 0.00143929 3.65575e-005 0.000172357 0.577042 
0.00180286 1.4495e-006 0.907702 0.000575999 0.000787893 0.000286418 0.000150523 0.451691 
0.0874721 0.0768813 0.120608 0.678396 0.68294 0.127992 0.107336 0.163996 
0.589172 0.000339976 0.582347 0.001997 0.001249 0.00395005 0.583403 1.57933e-005 
0.585195 0.00737885 1.31914e-005 0.000103988 0.000624905 0.58508 2.44273e-005 0.583408 
5.12413e-005 6.15265e-007 7.54578e-008 2.72623e-005 0.458674 0.0016654 0.000927272 0.929599 
0.159755 0.0887887 0.186646 0.060533 0.683078 0.175288 0.661432 0.150317 
0.594035 0.00618121 0.000364484 0.586572 0.56524 0.000124386 0.00184603 1.99964e-006 
0.579807 0.588882 0.000262175 0.000552382 0.00419174 2.08783e-006 3.24647e-005 0.587482 
5.27851e-006 0.00416268 0.908607 4.03309e-006 0.00120763 0.00102423 0.449607 0.00155409 
0.000421753 0.450483 0.000826168 0.0012683 0.000679683 0.901636 0.00190246 1.47685e-005 
2.26327e-007 3.81572e-006 0.000378404 0.000438015 1.00689 5.9832e-005 3.74309e-005 5.22017e-005 
0.000624805 0.000361856 0.000721544 0.0001395 2.86035e-006 0.899791 0.000154072 0.448208 
7.03069e-006 6.63661e-005 6.00872e-007 1.12363e-006 0.907611 1.97315e-005 0.451998 0.000105002 
3.50762e-005 0.000152936 5.52664e-005 2.15736e-005 4.26863e-006 0.587198 0.576657 0.58794 
0.671455 0.129918 0.145423 0.12418 0.10082 0.681349 0.111123 0.137919 
0.573555 0.567678 0.608732 0.00220653 0.000356664 0.013713 6.43988e-005 4.11127e-006 
6.97069e-005 0.00266508 1.42313e-006 0.591509 0.586284 0.000222275 0.581676 9.93433e-005 
0.0747003 0.0751702 0.10806 0.144077 0.977091 0.0949882 0.0828677 0.139703 
0.00464972 0.583867 0.000272005 0.583801 0.000309724 9.84583e-005 0.576676 0.000207601 
1.02918e-005 0.000216491 1.00583 0.000584957 0.000105212 5.97065e-005 3.80258e-005 0.000123841 
0.106387 0.978721 0.102235 0.105569 0.102495 0.0921574 0.115448 0.129423 
0.589805 0.00626588 0.000274779 0.575857 0.000309218 2.31767e-005 0.575734 0.000196426 
0.000675706 0.909385 0.447747 0.000766654 0.00121878 0.000215705 6.32523e-005 9.82865e-005 

