0.000512939 1.63698e-005 1.84948e-005 0.605176 0.000127092 0.60185 0.60119 3.9418e-005 
0.133895 0.117437 0.719563 0.114774 0.139053 0.14284 0.687197 0.16361 
2.56388e-006 8.41459e-006 7.92924e-006 7.61929e-007 0.465917 0.00027219 0.926221 0.000152306 
7.17086e-006 4.68113e-008 6.84034e-011 1.03929 2.41542e-005 2.44687e-005 3.17399e-005 9.82474e-006 
0.000335762 1.57918e-006 1.13995e-007 0.93066 2.00588e-005 1.56772e-005 0.461912 0.000127137 
2.62013e-008 5.11251e-008 1.92421e-010 1.24902e-008 2.84018e-011 2.88852e-008 1.03874 8.69979e-007 
0.607056 0.00127616 0.601466 0.59131 0.000134931 1.47759e-005 1.30955e-005 1.2377e-005 
0.715779 0.125421 0.124038 0.135636 0.132557 0.140531 0.689068 0.146184 
0.719664 0.694867 0.117329 0.119356 0.140617 0.110415 0.10295 0.13616 
0.000334864 0.000343694 0.596055 0.598308 5.56487e-005 0.000131492 0.598763 0.00022889 
0.00207744 0.00195363 0.607408 0.607838 0.603686 0.000110213 0.000135795 4.22369e-006 
0.115547 0.11257 0.104996 1.0002 0.132919 0.100801 0.10331 0.114632 
0.601344 0.000470866 0.603314 0.000401533 6.08832e-007 0.598984 3.26853e-006 1.10036e-005 
0.602586 0.00011679 0.00139975 0.599913 0.00074198 0.595247 0.000163275 0.000157438 
0.000611549 0.953408 0.000111218 0.475327 0.000145256 5.813e-005 7.09616e-005 5.41659e-005 
0.60417 0.6053 3.61858e-005 0.00443002 0.00134984 3.61918e-005 2.83429e-005 0.597362 
0.0953068 0.0991992 0.0822809 0.10534 0.710017 0.713094 0.127469 0.134153 
0.601602 0.000772216 0.000360345 0.000199339 1.35092e-005 3.72143e-005 0.598088 0.596173 
0.000409751 0.601434 0.60364 0.000729234 0.000120804 0.600132 0.00013722 1.10157e-005 
9.60644e-005 8.10356e-005 0.930011 0.000212245 0.000131691 3.4073e-005 0.463748 6.76775e-006 
0.705432 0.124415 0.148693 0.146044 0.683371 0.156325 0.14551 0.14232 
6.85281e-005 0.000342834 0.927169 0.462548 6.64299e-005 2.86718e-006 6.89101e-005 4.52716e-006 
0.600634 9.45479e-005 6.13169e-005 0.000158419 5.18537e-005 0.593984 0.598963 0.000154698 
0.133821 0.693732 0.143407 0.148561 0.135124 0.691456 0.145126 0.130054 
0.59972 0.60153 0.00231772 0.000509922 0.000276663 5.16769e-005 0.59215 0.000204281 
0.00162087 0.936866 0.000617002 0.000302249 0.000254511 4.12385e-005 3.68258e-005 0.44901 
0.000278715 0.000139942 6.65057e-008 0.938235 0.464953 0.000116871 0.000187043 9.20769e-005 
3.17633e-005 4.08286e-005 0.603242 0.000156372 1.03698e-005 0.601815 0.598315 5.18391e-005 
0.606467 0.000541213 0.603596 0.000128836 0.000115756 3.62999e-006 0.601153 0.000163149 
0.00095806 0.466056 0.000109722 0.927099 0.000134087 0.000119399 3.82067e-005 3.24296e-005 
7.18531e-005 0.615582 7.26052e-005 0.616878 0.000118913 4.39948e-005 3.0807e-005 0.617327 
0.000783025 0.606312 6.17557e-005 0.000158344 1.08158e-005 0.604878 0.598915 6.81941e-005 
0.108845 0.113117 0.156916 0.145852 0.700537 0.148181 0.115459 0.693472 
0.154099 0.704532 0.123664 0.133036 0.145584 0.136418 0.676862 0.153488 
0.108334 0.113703 0.120699 0.102276 0.106812 0.114822 0.103954 0.997948 
0.151303 0.12298 0.696668 0.704453 0.136246 0.110245 0.137242 0.131319 
0.141718 0.134762 0.131555 0.68028 0.132176 0.709238 0.145145 0.130194 
0.000120092 9.73746e-005 2.55064e-006 0.464959 0.924668 0.00011444 0.000128265 7.14572e-006 
0.607844 0.602402 0.598296 0.000340517 0.000153067 1.49869e-005 0.000326095 0.000314583 
4.12965e-005 4.2004e-007 2.7144e-006 5.31722e-007 2.18411e-009 0.924187 0.463271 4.64187e-006 
0.711709 0.13137 0.118765 0.102282 0.167318 0.68604 0.136712 0.134413 
1.07967e-007 4.78809e-006 0.929627 3.62183e-005 0.464411 2.53236e-006 0.000134332 1.41609e-005 
3.27973e-008 1.64111e-005 0.598874 3.73158e-005 0.59671 0.59879 0.000240324 2.30402e-006 
0.127394 0.116021 0.705109 0.13845 0.139002 0.138478 0.111782 0.691895 
0.00380089 0.597094 0.597692 0.000276568 5.5769e-005 1.70739e-005 0.598095 0.000127367 
4.72206e-008 1.79164e-005 3.08974e-007 1.28807e-005 4.46828e-009 0.460967 2.9695e-005 0.922941 
0.695943 0.119145 0.695303 0.136442 0.137493 0.137567 0.140107 0.130882 
0.116813 0.111078 0.71228 0.149149 0.140242 0.692868 0.137632 0.130986 
0.000231224 1.82425e-006 0.000217592 1.13098e-007 0.465981 0.928018 4.1084e-005 1.48129e-005 
0.094288 0.0857978 0.0979728 0.0335005 0.111054 0.998862 0.148258 0.120409 
0.158079 0.109366 0.141281 0.141123 0.137451 0.694835 0.695528 0.130935 
5.93715e-005 0.601133 0.602497 0.000308773 0.597594 0.000600516 0.000182123 5.61192e-005 
0.465251 0.929438 0.000224637 4.87216e-006 0.0001096 0.000257993 0.000282245 3.57444e-005 
0.603646 0.000223136 6.29514e-006 0.000151388 0.000104369 0.596235 2.58353e-005 0.598294 
0.130345 0.13172 0.137044 0.707679 0.138867 0.158973 0.682936 0.145692 
0.606468 0.000548504 0.000271558 0.596033 0.000238995 5.20203e-005 4.09836e-005 0.593967 
0.604735 0.600174 0.00261642 0.000478773 0.0013884 0.608108 0.000239211 9.19851e-006 
9.89641e-005 0.929451 9.10431e-005 0.000366029 0.000108624 0.463019 5.33025e-005 1.4216e-005 
1.85534e-006 0.000680394 2.60491e-005 0.603547 0.599915 6.13308e-005 0.598647 0.00080116 
0.600703 0.000650232 0.600511 0.000294508 0.000109348 5.24905e-005 0.000197172 0.59282 
0.00028586 6.56527e-005 0.600615 4.16951e-006 0.600218 0.000364442 0.596036 1.362e-005 
8.59347e-005 7.95319e-005 9.13459e-005 0.929055 4.03133e-006 2.55362e-005 1.03025e-005 0.46023 
0.000333588 0.59909 0.000899688 0.604291 1.92531e-005 0.597982 0.000300644 9.74534e-006 
0.928921 0.000735087 0.000100503 0.463722 6.66424e-005 0.000239653 0.000181508 3.62394e-005 
0.602884 0.000446255 7.85129e-005 0.601922 0.00010985 9.61623e-005 0.598156 4.31569e-005 
0.467127 0.000224374 0.930779 0.000548062 0.000133248 0.000313309 0.000134606 1.38375e-005 
4.13222e-008 1.62543e-005 0.00101791 3.09099e-007 0.598486 0.59832 0.598041 3.99356e-005 
0.000149552 1.95187e-007 0.925037 0.000411838 0.000117551 2.60126e-005 4.21252e-005 0.462608 
1.06e-005 9.27672e-006 0.00116234 0.463548 0.00068547 1.08071e-005 0.924204 8.4664e-006 
0.466544 0.00140976 4.88881e-006 0.000151406 0.000213409 0.930302 5.46173e-005 0.000406778 
2.72075e-008 1.95211e-007 0.463989 0.000203081 6.73854e-005 0.92845 0.000140664 0.000217581 
0.134964 0.699655 0.147911 0.150648 0.680759 0.155792 0.143978 0.130147 
0.000415931 0.610504 0.609359 0.611052 0.000149862 0.000511419 0.000139449 9.72386e-006 
0.135077 0.125845 0.970579 0.142237 0.14606 0.154574 0.117877 0.14109 
1.45811e-005 0.000314211 0.600295 0.000203942 0.599425 3.78839e-005 0.000823129 0.599263 
0.119004 0.104484 0.0912863 0.109094 1.00346 0.121545 0.000562903 0.0999825 
6.49118e-006 2.45598e-005 0.927009 1.26649e-006 0.000112302 0.467242 0.000353064 2.30874e-006 
4.02088e-006 4.10699e-008 2.9036e-006 4.12147e-010 0.928378 1.85887e-005 0.463723 6.09644e-005 
0.92838 0.464407 0.000220017 3.48065e-005 0.000132304 0.000116075 4.52275e-006 1.36088e-005 
1.88768e-005 0.000233384 0.596585 0.603089 2.03507e-005 0.000118976 4.71263e-007 0.599694 
0.000139126 0.468466 0.00134316 0.000203778 6.01767e-005 1.85595e-005 0.928699 3.16827e-005 
0.000367731 1.97341 0.984656 0.0004961 0.000217202 2.31251e-005 0.000290353 8.64347e-006 
0.604717 0.602211 1.68584e-005 0.601905 6.72016e-005 0.000112487 4.67434e-005 0.000220096 
0.602013 0.000618114 6.68576e-005 4.19963e-005 0.599696 5.40263e-005 4.38172e-005 0.602712 
0.601826 0.00010765 0.000231613 0.000655741 0.59764 0.598655 0.000138651 0.00349074 
2.49273e-006 0.000200507 2.58391e-006 0.598763 0.599332 6.29846e-005 3.11707e-005 0.597943 
4.9998e-008 3.76134e-010 2.06809e-005 4.13516e-005 2.01314e-007 1.03235 3.58605e-006 3.10138e-006 
0.0001349 1.88428e-005 6.09028e-008 0.000748804 0.929907 6.39847e-005 0.000103235 0.464581 
0.000127333 3.99091e-007 6.90104e-007 0.000117654 3.19663e-009 0.596319 0.596441 0.59613 
0.00177451 0.00142266 4.82659e-005 0.59845 0.596292 0.59837 0.000239684 2.0537e-006 
0.000294716 0.000212259 4.45654e-005 0.60013 9.35786e-005 0.598706 3.32014e-005 0.596453 
2.16472e-007 0.00154715 0.603467 0.596731 0.000299983 0.597899 0.0031036 1.05521e-005 
0.000123099 0.000117908 1.02845e-006 0.612679 9.34924e-006 6.71148e-005 0.610316 0.611369 
2.06268e-005 0.469312 0.000703182 0.00020966 0.933803 2.34649e-005 1.98526e-006 0.000640427 
0.937066 0.000159858 8.39789e-005 0.000492102 6.74199e-006 3.91481e-005 0.000999285 0.467555 
0.120685 0.136366 0.171087 0.123771 0.689215 0.133124 0.69797 0.132748 
0.00123488 0.605011 0.000282735 0.00130741 0.603582 9.8103e-005 0.000770741 0.604 
0.610727 0.607243 0.000471771 0.000300941 0.605038 0.000526267 3.90835e-008 1.52602e-005 
1.54205e-006 0.000234518 0.463307 1.85195e-005 8.16055e-006 1.19363e-005 4.03689e-005 0.928762 
0.000269665 0.463959 0.937193 0.000218413 4.74787e-005 2.38927e-005 0.000315347 3.52649e-006 
0.114821 0.996267 0.106618 0.116695 0.140751 0.110519 0.0975584 0.136219 
1.03864 0.000821911 0.000111501 0.000376048 0.000100623 0.000239581 3.80029e-005 3.65089e-005 
0.000407614 0.605222 0.00150948 0.00051635 0.603241 5.27492e-005 0.599792 0.000695891 
0.000286483 0.597906 0.597867 0.000224879 1.9282e-005 5.23512e-005 9.97783e-005 0.602938 
0.697767 0.132763 0.145892 0.696147 0.148765 0.125896 0.145564 0.142123 
4.61751e-005 9.55566e-008 0.00019667 0.932638 1.76329e-005 0.463391 0.000162718 0.000159559 
0.928073 0.000734416 0.000100411 0.000497253 0.000118581 0.000214225 0.466267 3.65081e-005 
0.000339953 0.000286769 0.462913 0.000105645 5.94735e-005 1.69599e-005 0.929898 5.89204e-006 
0.129712 0.700646 0.122183 0.148744 0.138866 0.135198 0.148641 0.696411 
0.995176 0.053887 0.153895 0.112919 0.140682 0.110466 0.0974887 0.135229 
0.13463 0.702206 0.693326 0.135425 0.138148 0.110734 0.140434 0.128339 
0.000199938 1.70078e-007 0.463309 9.7385e-005 0.931618 2.52861e-006 0.000356326 9.3837e-006 
0.0039724 0.000168341 0.602025 0.000177372 8.7231e-005 0.60061 3.56595e-005 0.598335 
0.0029037 0.00224851 1.33772e-005 0.00238833 0.597257 0.599653 5.13883e-005 0.59383 
0.47245 0.000419986 1.50766e-005 0.000100501 7.26867e-005 0.00114381 0.938997 0.000155179 
0.709223 0.141497 0.122952 0.135397 0.140878 0.137957 0.153542 0.696266 
0.000307776 1.03635 0.00018631 0.000438189 0.000133223 0.000434046 0.000355503 5.7211e-005 
0.00027722 0.933459 0.00263124 0.000301936 0.000119907 5.64725e-005 0.460769 0.000774899 
0.467715 0.000459916 0.000117727 0.000166601 0.930907 0.000209148 4.12169e-005 1.48608e-005 
0.00206356 2.92591e-005 0.603665 2.90552e-006 3.75568e-006 4.30581e-005 0.603675 0.60206 
0.000435537 0.465905 0.000436344 0.000258146 0.000149427 5.13275e-005 8.13382e-005 0.934065 
0.144838 0.141522 0.138581 0.70292 0.694738 0.129423 0.144082 0.129794 
1.35128e-006 1.33923e-006 1.18788e-009 0.466419 1.12081e-005 0.934635 4.55061e-005 1.49156e-005 
0.00145542 0.605753 0.000333811 0.000518893 8.58089e-005 0.603057 0.000150137 0.597352 
8.41817e-007 0.000258222 5.61927e-005 0.000552479 6.26919e-006 0.461416 0.928053 6.33e-005 
6.19852e-006 6.09131e-005 4.73888e-006 0.466386 1.33872e-005 3.84432e-005 3.25782e-005 0.925228 
4.35949e-005 1.05978e-008 3.10857e-007 7.02978e-007 0.598193 0.000296938 0.598231 0.59924 
0.463024 0.000408377 0.00021858 0.923934 0.000118853 0.000119533 7.77759e-005 3.45621e-005 
0.141784 0.12946 0.139596 0.138349 0.143926 0.708073 0.138599 0.676636 
7.09336e-006 3.84968e-007 3.11308e-007 7.90254e-007 7.66422e-006 1.65633e-007 0.92396 0.461336 
0.601824 6.03928e-005 0.000249697 4.1779e-006 0.60174 1.64178e-005 0.597267 0.000127961 
0.930829 0.000945094 3.64234e-005 0.000139102 2.09079e-005 0.463695 0.000247474 7.44062e-005 
0.000441438 0.923271 0.00023577 4.71225e-006 0.462376 0.000522169 0.000545932 0.000350972 
0.13569 0.684062 0.151187 0.704304 0.137927 0.127794 0.141306 0.134924 
0.93449 0.000112379 0.00043298 0.00033087 0.461927 0.000527242 0.000266119 9.15519e-005 
0.000909998 0.468757 3.36332e-005 0.000344239 5.34371e-005 0.932593 0.000264724 3.48535e-005 
7.21156e-006 5.7314e-006 2.99303e-007 0.000345458 1.03555 4.94021e-006 1.23652e-005 3.7855e-006 
0.000369725 0.000382759 0.000397477 1.14969e-006 0.46471 7.04991e-006 0.000103576 0.93167 
0.603733 0.000220456 0.59878 7.52449e-006 0.595099 0.00236914 0.00033866 1.6605e-005 
0.00144077 0.601261 6.12318e-005 0.604338 1.47327e-005 2.48757e-005 0.600304 2.25926e-005 
0.000208497 0.602457 4.92344e-005 0.596193 0.590338 0.000602862 1.23165e-005 1.23527e-005 
1.64123e-005 0.00039592 5.01275e-006 1.63524e-007 6.43374e-006 0.93081 4.61731e-005 0.466497 
1.63621e-006 2.82723e-005 1.66567e-007 7.7612e-008 0.926774 0.461616 1.37938e-006 1.12768e-005 
4.44567e-011 1.52626e-009 1.84353e-011 7.61337e-008 1.02914e-011 1.79452e-008 2.32451e-011 1.03575 
0.000376817 0.6027 0.00130981 0.00178756 0.000975639 0.000376927 0.601695 0.599062 
0.13381 0.122483 0.141019 0.703692 0.140193 0.129151 0.138243 0.688055 
0.000239795 1.92658e-006 0.460971 0.931344 0.00015067 2.55342e-005 0.000136108 0.000218975 
0.936709 0.000811747 0.465545 0.000587794 0.000141123 5.59244e-005 0.00023904 4.70485e-006 
0.00116405 0.600052 2.64689e-005 3.07286e-005 0.599322 0.601044 0.00026548 7.20107e-005 
7.56031e-006 7.42509e-005 1.03591 1.8571e-006 3.27779e-005 6.36975e-005 7.22089e-005 1.24729e-005 
0.141057 0.125704 0.690871 0.103083 0.711359 0.13353 0.138926 0.130513 
0.16402 0.110666 0.155096 0.142499 0.126945 0.122243 0.706466 0.698283 
1.069e-007 7.91446e-009 3.17716e-006 1.27089e-009 4.36688e-010 8.65433e-011 0.464827 0.926793 
0.113426 0.112738 0.107313 0.0983671 0.107682 0.122761 0.989492 0.138198 
0.599795 5.90346e-005 0.000182209 0.600862 0.596436 0.00052317 0.000254046 1.09931e-005 
0.466759 0.000480037 0.00016615 0.000124042 7.04516e-005 0.000206914 5.4908e-005 0.929317 

