0.71563 0.164536 0.122123 0.108134 0.128538 0.155761 0.114357 0.660713 
0.580515 0.589929 0.000501343 5.40561e-005 3.53663e-005 0.00185069 0.000207457 0.569681 
0.103857 0.0840107 0.131212 0.178099 0.678325 0.0874781 0.675879 0.140322 
0.0692203 0.976269 0.103078 0.13344 0.101696 0.101891 0.105402 0.0915728 
0.589314 0.000251234 0.000196449 3.74895e-005 0.000611171 0.587455 0.588239 5.0525e-005 
0.901104 5.99371e-006 0.000305706 0.441381 0.000193909 0.00019015 0.00135468 9.07352e-005 
3.97796e-006 0.000160294 0.901688 0.450724 9.8024e-005 0.000191136 0.000527561 0.000253247 
0.111699 0.113482 0.131163 0.134709 0.165118 0.681433 0.665639 0.143027 
0.670671 0.117691 0.132652 0.132254 0.134384 0.126689 0.707016 0.122251 
0.000460913 0.588313 0.00265174 0.000343242 0.00094022 0.57691 0.580758 0.000102598 
0.00608109 0.00109507 2.75355e-005 0.000724951 0.000914062 0.592365 0.595207 0.588848 
4.48834e-006 3.99715e-005 5.47922e-007 7.2517e-005 0.46415 5.84882e-006 0.907147 0.000203353 
0.13021 0.129514 0.140585 0.675769 0.136445 0.130504 0.666638 0.140215 
0.584681 0.000338288 0.000891775 0.579789 0.000714966 0.000157145 0.582454 0.00339492 
0.00283001 0.455711 3.43332e-005 0.000216732 0.903277 0.000439784 0.000584957 2.0575e-005 
0.00105091 0.000127587 0.907036 5.86231e-005 0.000776387 0.000149949 0.000485419 0.443662 
0.444075 0.915626 0.000661294 8.98563e-005 0.000255174 4.61775e-005 2.76573e-005 6.17175e-005 
0.586674 0.00155633 0.000988043 0.00165475 0.000558393 0.000809924 0.580269 0.580183 
0.000436753 1.18552e-005 0.58226 0.582433 0.000882908 0.580507 0.0010678 0.0019217 
1.74358e-011 6.41628e-007 6.25428e-007 4.62985e-006 0.457322 3.79897e-005 3.41636e-005 0.899676 
0.582544 0.000334596 0.587203 1.8725e-005 0.000145033 0.000157714 0.576442 0.000435697 
0.000377832 0.596194 0.000274517 3.77578e-005 0.000512448 0.578005 0.00394658 0.571268 
2.22023e-007 5.94407e-005 1.02337e-008 1.00513 4.02132e-005 6.68676e-005 4.8212e-005 1.76804e-005 
2.21437e-010 4.23257e-013 4.83313e-010 3.41729e-008 3.32457e-011 2.68785e-010 3.57825e-012 1.00307 
0.000121677 0.905388 0.000218248 0.000555675 0.000391934 0.000264402 0.437385 0.00056446 
0.584206 0.00175011 0.581537 0.000283926 7.42646e-005 4.30681e-005 5.94927e-006 0.583279 
9.74359e-005 6.71414e-006 3.0467e-006 0.452327 0.000215408 0.902574 7.20723e-006 4.60236e-005 
0.00149031 0.587866 0.577973 9.21971e-005 0.00263775 0.571871 7.54424e-005 0.00187151 
0.68151 0.116422 0.140875 0.0827689 0.688873 0.135271 0.135403 0.140049 
0.900338 0.000530247 0.447893 2.19926e-006 0.00089161 0.00163714 0.000971426 0.000247127 
0.157341 0.135582 0.133902 0.0422083 0.686728 0.670127 0.14362 0.132721 
1.27009e-005 1.46746e-005 3.37286e-007 1.05515e-006 0.899584 0.000182716 0.443991 0.000139843 
8.69418e-006 0.000145904 4.10599e-008 1.99859e-007 0.601608 0.589506 0.000309958 0.586758 
0.453868 0.000297305 0.900752 0.000569347 0.000335303 0.000164789 3.94545e-005 9.3998e-005 
0.000208888 0.00154149 0.581757 1.00837e-005 0.587761 0.0007456 0.000713179 0.576009 
0.898578 0.000533971 0.00026374 0.000798424 0.456986 0.000150676 0.000264217 0.000741281 
0.00158123 1.19423e-005 0.583621 0.000343972 0.000922236 0.583494 0.580653 0.000105523 
0.0932593 0.0954945 0.111869 0.12111 0.105126 0.0367976 0.971161 0.114158 
6.78364e-007 0.000132099 1.00455 6.7889e-005 0.000167293 0.000172862 4.07094e-005 0.000158256 
0.459331 0.000957486 0.000177067 0.000186599 3.53284e-005 0.916551 0.000651796 0.000281352 
0.000957921 1.7216e-005 6.51542e-007 0.000120276 0.00101758 0.44867 0.899213 0.000230885 
7.06479e-008 0.00131947 0.902515 4.8053e-005 0.000270891 0.000175606 0.455488 0.000308948 
0.11321 0.685346 0.138271 0.0922866 0.680509 0.116534 0.1359 0.145318 
0.456894 4.89852e-006 0.000634075 2.49606e-005 0.000188854 1.9682e-005 0.904374 0.000354532 
0.583156 0.00026029 0.579261 0.000755673 0.000122461 0.577519 8.2565e-005 3.34029e-005 
0.5823 0.00154472 0.000500998 0.00164241 0.000554229 0.580998 0.000206682 0.582862 
0.000439478 0.596537 0.00254193 0.000613494 0.000838776 0.000142552 0.590767 0.586618 
0.677694 0.129633 0.699911 0.13692 0.138332 0.105793 0.0768586 0.131547 
0.120328 0.704183 0.130727 0.127292 0.123466 0.653825 0.116953 0.120123 
0.000220245 0.596413 0.586729 0.579207 0.000253736 0.000195642 1.57759e-005 0.00258015 
0.672408 0.686291 0.145171 0.143002 0.158009 0.125794 0.139711 0.145309 
0.103505 0.0982437 0.144035 0.111297 0.963205 0.0617016 0.116636 0.140712 
0.1184 0.118131 0.106205 0.171336 0.150228 0.684883 0.110329 0.667118 
4.82666e-005 0.000467012 0.000495363 0.58148 0.000131132 0.00135458 0.584636 0.579729 
6.41014e-006 0.00120251 0.451402 2.68857e-005 0.000260525 7.50336e-005 0.896919 0.000287484 
0.590516 7.46322e-005 0.000266041 3.46528e-005 0.595296 0.582475 1.92543e-005 0.00365195 
0.000353831 2.49897e-005 0.463862 0.000188358 0.000495092 0.925591 7.39102e-006 0.00168383 
1.59256e-007 0.00069838 0.454726 0.895321 0.00013286 0.000196992 5.7463e-006 0.00102178 
0.582388 8.88041e-005 0.00217837 0.5826 4.80627e-005 0.000235841 0.000206484 0.574771 
0.000184867 0.597171 7.09344e-005 0.572336 6.36392e-005 0.575008 0.00377332 0.00027674 
3.4475e-005 0.000848927 0.595752 0.000643087 0.000200346 0.596338 0.000211796 0.586331 
9.03341e-006 6.3274e-006 2.11734e-005 0.901892 0.000135727 0.000231376 0.449617 0.000294225 
1.55834e-006 0.000215793 6.4334e-007 5.99269e-006 1.06899e-006 1.00362 1.41795e-005 6.16384e-006 
5.7236e-005 3.3406e-007 2.95148e-005 0.576933 0.587343 0.000252547 0.000794447 0.576564 
0.00103943 0.00104782 0.00120708 0.900549 7.58056e-005 0.000151149 0.000217298 0.451626 
9.74271e-006 0.000166117 5.53272e-007 5.16098e-008 0.597024 0.594313 0.591866 0.000561698 
8.98511e-006 0.595282 0.000366547 0.0067865 0.591142 0.000159744 0.585405 0.000213458 
0.000100946 0.920442 0.000304096 9.43358e-005 0.000400471 0.00014213 0.000819752 0.447141 
0.584642 8.40013e-005 0.58135 0.000481412 0.582521 0.00019143 2.21328e-005 0.000732987 
5.07756e-005 1.65398e-006 5.00112e-005 7.13934e-005 0.000188996 0.898294 0.449402 4.79017e-007 
0.120539 0.120216 0.653419 0.130666 0.702354 0.133052 0.119902 0.13234 
3.60806e-005 0.00132119 4.77777e-007 8.47879e-005 0.595179 8.05161e-005 0.58619 0.583792 
0.000616567 3.67364e-005 0.58601 0.585597 0.592859 0.00132024 4.88711e-005 0.000237743 
0.157721 0.156905 0.0446469 0.670618 0.686487 0.156642 0.136927 0.140083 
5.29607e-006 0.000255277 1.54921e-005 0.44581 0.90609 0.000297346 2.17949e-005 0.00024111 
3.08132e-006 3.42255e-005 0.00293605 0.582946 0.000126119 0.583 0.58253 0.000417195 
0.000712734 0.000628921 2.65594e-006 0.000184498 0.455928 0.900559 0.000379231 0.000351851 
0.000258632 0.923389 0.000353277 0.444802 7.88707e-005 0.000190514 0.000651609 0.000280927 
2.27741e-005 0.463765 0.890646 0.000163024 6.25018e-005 3.51866e-005 1.44692e-005 0.000408373 
5.16901e-010 4.05258e-008 1.4331e-006 0.000279213 0.89966 0.444655 8.59136e-005 0.000325208 
0.12943 0.129074 0.678489 0.110969 0.125926 0.117291 0.684199 0.130853 
0.0958459 0.0850127 0.133461 0.12359 0.0959301 0.967559 0.100599 0.107348 
0.08854 0.0852313 0.116347 0.124707 0.141485 0.172883 0.668466 0.685657 
1.03972e-007 2.67138e-005 0.000189983 5.97427e-006 2.1191e-005 0.89774 1.75107e-005 0.447603 
4.52352e-005 2.89936e-006 6.08696e-007 4.03845e-005 0.904971 0.00014224 0.00031069 0.444532 
0.591778 0.000391364 0.58217 0.574706 0.00316615 0.000158297 0.000467032 0.000437759 
0.000108744 0.000587641 4.62865e-006 0.00110095 0.00088956 0.452297 0.000284669 0.904918 
0.00018938 0.00162517 0.575871 3.84496e-005 0.582975 0.581106 0.000263777 0.000304187 
0.577276 0.585995 0.00220655 6.8354e-005 0.57646 0.0021681 0.000521133 0.000246506 
0.000240485 0.476072 0.00017942 4.50373e-005 0.000207132 0.000119656 0.000420563 0.908428 
0.000172037 0.000261213 3.73934e-006 0.59442 0.000681238 0.593927 1.47721e-005 0.588317 
0.12172 0.686779 0.671577 0.13509 0.11503 0.101755 0.133813 0.138787 
2.27813e-005 0.591641 0.573599 0.000131625 4.52558e-005 0.000207213 0.574216 1.53793e-005 
0.119596 0.115205 0.142843 0.150628 0.688354 0.131379 0.103974 0.69316 
0.000127891 0.003047 0.590402 0.00167905 6.11272e-006 0.00374968 0.587578 0.590324 
0.904041 0.0014338 0.000229567 5.23472e-005 0.000520245 0.000403083 0.00028966 0.448585 
0.127078 0.1235 0.664891 0.150736 0.139412 0.0968079 0.177306 0.682578 
0.592553 0.00094411 0.000149949 0.583264 0.597932 0.000911848 0.000648451 0.00025442 
2.36641e-006 4.53639e-007 4.72855e-008 5.17387e-009 6.42865e-009 2.45931e-006 0.901468 0.45161 
0.590134 8.22745e-005 0.00035595 1.36207e-005 0.597135 7.23697e-005 0.579607 0.000243698 
0.588649 0.000869869 7.16617e-005 0.588825 0.000803722 0.591409 0.000161098 0.00194552 
0.686979 0.0764119 0.108875 0.668532 0.131567 0.125971 0.134729 0.143665 
0.0883975 0.085914 0.0350719 0.0691831 0.0983841 0.175626 0.122788 0.971935 
0.10764 0.109402 0.967379 0.113285 0.116633 0.095426 0.101147 0.106118 
0.000192528 0.000636938 0.454855 0.000141009 4.79704e-005 6.53494e-005 0.000259934 0.905007 
0.585435 0.601184 0.000290241 2.48802e-005 0.000360243 0.000298667 0.575451 6.82217e-005 
0.000295427 0.593352 0.00158401 0.569645 0.000627111 2.88782e-005 0.000947733 0.576795 
0.00293259 0.46464 0.000151406 0.89753 0.000119219 0.000146836 0.000370653 3.36462e-005 
3.81436e-005 0.000817602 8.00725e-007 0.460072 0.000390629 7.49261e-006 1.85813e-005 0.915205 
0.692543 0.144219 0.129355 0.122195 0.157745 0.656839 0.0908227 0.131631 
0.122287 0.70723 0.108498 0.677075 0.14077 0.126371 0.0836077 0.118908 
0.919177 0.452812 0.000268834 0.000342558 0.000841175 0.000150938 0.00019565 0.000440572 
0.001031 1.20383e-006 0.444231 0.000159753 0.906885 8.72921e-006 4.52755e-005 0.000762981 
0.135215 0.132757 0.68709 0.661022 0.137856 0.126635 0.137312 0.131982 
0.90476 0.000356985 7.96404e-005 5.74337e-005 7.37793e-005 0.446808 2.28571e-005 7.59792e-005 
0.0111944 0.911827 0.435272 0.000556403 9.78419e-005 0.000191611 2.25075e-005 0.000243159 
9.20979e-005 0.000726485 0.58252 0.5839 6.55614e-006 0.000863684 0.58526 0.000264921 
0.453871 3.40317e-005 3.87263e-005 2.92735e-005 0.917009 0.000712596 0.000247688 2.2842e-005 
0.00297153 0.578653 0.572992 5.50351e-005 0.588372 0.000250123 4.0714e-005 0.000135054 
0.00199547 0.000160118 0.900639 5.82098e-005 1.12292e-006 0.449262 0.000538635 0.000252676 
0.129763 0.120079 0.141819 0.645361 0.120142 0.697202 0.155968 0.143028 
8.45394e-005 0.900755 2.73817e-005 0.000835944 0.000873155 0.444518 0.000634069 0.000724448 
0.000745865 0.000717997 1.20877e-005 0.449895 1.28885e-005 1.41387e-005 0.898153 0.000410376 
0.00015076 0.000142782 0.00178945 0.909816 0.458607 0.000181547 0.000198185 0.000255095 
4.32033e-006 4.70342e-005 2.42372e-005 0.58081 0.589168 0.000255597 0.57744 0.000408705 
0.00186195 2.09111e-005 0.583432 0.000507312 0.594646 1.43403e-005 0.588945 0.000230468 
0.10125 0.0912622 0.138545 0.979475 0.107812 0.114163 0.101468 0.091333 
0.952434 0.109015 0.127421 0.133535 0.125985 0.107119 0.135005 0.121365 
0.100186 0.109426 0.709849 0.123861 0.104828 0.65501 0.122342 0.13146 
1.17127e-005 9.94224e-005 0.0010552 0.580775 0.588065 0.574208 3.98299e-005 1.1928e-005 
0.000297935 0.59055 0.57939 0.000200717 0.000802025 7.7626e-005 3.36982e-005 0.569045 
0.135691 0.668545 0.103235 0.101499 0.113239 0.144208 0.104189 0.690355 
1.00881 0.000110251 0.000624566 1.95141e-005 6.75707e-005 0.000191303 4.25771e-005 4.47543e-005 
0.000194604 0.592613 0.000826927 0.000443625 0.596571 0.583222 3.55765e-005 0.000248887 
0.122633 0.119334 0.157844 0.661372 0.138765 0.0963587 0.16812 0.689316 
8.10767e-008 1.12515e-005 3.7455e-007 9.07335e-007 1.02272 1.41448e-005 3.81585e-005 4.27641e-007 
0.578241 0.593287 0.000205869 0.567763 5.43867e-005 0.000250187 0.000870465 0.000488238 
1.40471e-006 1.46325e-006 1.03377e-007 3.25954e-006 6.12078e-005 4.64172e-008 0.458099 0.917155 
1.70344e-006 6.63752e-008 9.87311e-009 1.20119e-010 8.30817e-007 2.95528e-009 1.00417 6.71801e-007 
0.589272 8.67063e-005 0.000142664 0.000249894 0.598201 0.000575445 0.000485241 0.578142 
0.904909 0.00313288 0.00387052 0.000317318 6.00129e-005 0.00321553 0.446448 0.00192231 
0.584101 0.603522 0.000207759 4.1363e-005 0.000144358 0.578676 0.000280769 0.000356878 
0.000227702 1.44338e-007 0.000442944 0.898565 0.000398853 0.445811 0.000174356 0.000292005 
0.00124746 0.598084 0.000269314 0.585538 0.593308 7.38032e-006 0.000178488 0.000109424 
0.45585 0.00122907 0.000157686 0.897536 0.000138914 1.12634e-005 5.52331e-006 3.32372e-005 
0.000292991 0.464658 0.000869522 0.000359838 9.94234e-006 0.000296985 0.90123 0.000264782 
0.000518999 0.913965 0.000343897 2.81423e-005 0.465191 3.45755e-005 5.82261e-005 0.000183043 
0.00214867 0.575249 9.9039e-005 0.584486 0.000744066 5.45571e-005 0.581484 1.76837e-005 
0.646963 0.645284 0.637566 0.000200519 8.01945e-006 0.000729159 5.14483e-006 0.000367777 
0.453446 0.00106552 0.000113542 4.87171e-005 0.000439566 0.000221116 0.000400577 0.897051 
1.5389e-005 0.000182057 0.899761 0.000149787 0.447158 0.000194342 2.07856e-005 0.000251535 
0.000135192 1.00595 9.44622e-005 0.000617396 0.000435848 0.000183532 0.000558213 0.000564714 
0.118192 0.689748 0.13798 0.127145 0.143541 0.113244 0.674169 0.121175 
0.00102272 0.585112 0.000304556 4.17381e-005 0.586854 0.000486463 0.000226153 0.577552 
0.00314856 4.32123e-005 0.591509 0.588203 4.15028e-005 0.000191166 0.00236046 0.581953 
0.000359105 0.458163 0.00042988 0.000210863 2.3425e-005 0.895899 2.08061e-005 1.55644e-005 

