5.35493e-006 0.000498322 1.21902 8.83744e-006 6.76816e-005 1.3946e-005 0.000184281 5.77831e-005 
0.0201182 0.432045 0.92861 0.026617 0.00293671 2.15255e-005 0.00549068 0.00183727 
0.686734 0.105058 0.0977393 0.694442 0.12843 0.142819 0.115138 0.16301 
0.0977385 0.0874861 0.0890927 0.145458 0.114602 0.981711 0.114783 0.149769 
0.596992 0.00179721 0.000417245 0.00077452 0.000353257 0.597648 0.592523 0.000207523 
0.686585 0.106479 0.124913 0.104304 0.699042 0.1489 0.137298 0.113508 
0.095152 0.0846341 0.777956 0.0951582 0.0990188 0.154437 0.15703 0.598475 
4.62615e-005 0.00043945 0.934425 6.50937e-007 0.407361 0.000799138 0.00024717 0.000172021 
0.000315107 0.463467 0.000140643 3.18705e-006 0.912508 5.17038e-005 0.0001542 0.000157694 
1.38605e-005 0.00129948 0.00133585 9.77905e-006 0.593032 3.15448e-005 0.580009 0.596184 
0.593624 0.0035864 0.594207 1.61305e-005 0.000229574 0.00140871 7.82337e-005 0.582368 
2.61481e-006 2.95033e-005 2.9769e-005 1.02397 0.000379003 0.000202044 0.000600257 0.000131061 
4.7674e-006 2.23984e-005 0.00108867 0.459081 0.000614403 0.000781243 0.000303996 0.91529 
3.34896e-005 2.63124e-006 0.922525 0.00157311 0.00164806 0.000249495 8.58086e-005 0.452499 
4.28612e-006 0.0177157 0.509006 0.00763481 0.885149 7.37305e-005 0.00643086 1.035e-005 
3.82862e-005 0.00237 1.53932e-006 0.938557 0.00060367 0.000182344 0.463108 1.20964e-008 
0.65621 0.134433 0.105966 0.132462 0.0861455 0.130176 0.1366 0.726544 
0.0816973 0.671883 0.107979 0.13094 0.0985471 0.140313 0.105698 0.724575 
0.437857 0.000205756 0.92794 1.96694e-006 0.0064079 2.15534e-005 0.00549781 0.00183965 
0.000397555 0.576921 0.599067 0.00621364 0.591347 0.00104935 0.000134839 4.77342e-005 
0.000624435 0.915753 0.00365305 0.000224139 0.445597 5.1449e-005 0.00201658 0.000156153 
1.37738e-005 0.000902748 4.3845e-007 0.477219 1.34199e-007 6.8803e-006 0.929039 0.000314242 
0.00668281 0.902658 0.48325 0.0016253 0.00177933 0.00018062 0.00244523 0.00263392 
1.43757e-006 1.59411e-005 1.75932e-005 0.579958 0.59838 0.000220614 0.000492743 0.576823 
0.00396811 0.598678 0.000420428 3.99864e-006 0.596861 1.33926e-005 0.580483 0.00223048 
0.598593 0.000266803 0.000122264 0.000368975 0.585697 0.000103993 0.587389 0.00421838 
0.00139327 0.000192289 0.00179893 0.0016011 0.474714 4.44742e-005 0.929159 0.000226021 
0.000275212 0.000217197 0.000267505 3.18931e-006 0.454834 0.911371 1.77609e-005 1.14955e-005 
0.0167114 0.554434 0.664396 1.97679e-005 8.29489e-005 0.562684 0.00113969 4.22802e-007 
0.117829 0.700837 0.121606 0.141112 0.66533 0.156389 0.150595 0.163769 
0.0757808 0.0764262 0.0911599 0.0781593 0.152276 0.137093 0.998163 0.00145772 
0.111744 0.124933 0.128868 0.702032 0.680734 0.14633 0.143494 0.113708 
0.588287 0.594832 0.000814403 5.33017e-005 3.55656e-005 0.000145595 0.582062 0.000339791 
0.916616 0.47149 0.00038417 3.306e-005 4.39741e-005 0.000323835 0.000697639 2.74105e-005 
0.102316 0.10186 0.094004 0.164667 0.0965539 0.792581 0.579633 0.154281 
0.00128793 0.621824 0.000372281 0.00126289 0.000194966 0.000202401 0.600675 0.61414 
2.83503e-006 1.80837e-008 7.08481e-005 0.00187195 0.598142 0.594742 0.581552 3.35667e-005 
0.0052936 0.000545617 0.514858 0.000108506 4.66971e-005 0.880481 0.00135357 0.000245357 
0.120754 0.116237 0.14946 0.132443 0.677617 0.699413 0.143361 0.149531 
0.102978 0.101663 0.720234 0.119473 0.111533 0.68824 0.139505 0.144007 
1.02836 4.25943e-006 0.000422789 6.36494e-006 0.00120002 0.000793128 0.00127504 0.000317073 
0.585442 1.13648e-005 0.598762 3.9821e-006 0.591694 0.000282857 9.55049e-005 6.71332e-005 
0.591974 0.00218068 0.000354602 0.0040775 0.595213 0.592652 0.00366225 0.000292416 
1.11128e-009 5.46219e-007 0.000908603 9.58309e-008 0.936414 0.464725 7.2563e-005 0.000164893 
0.00124065 0.00117889 0.00024726 0.917464 0.457353 0.000459621 6.3408e-005 0.000325987 
0.599342 0.00117466 0.000643207 0.606344 0.598067 0.00025898 0.000463231 0.000205376 
0.133414 0.13573 0.784775 0.630917 0.128165 0.11612 0.0961427 0.129632 
4.30229e-005 2.74379e-007 0.000865738 0.596898 0.000218928 0.593885 0.581956 3.91299e-005 
0.5924 0.56853 0.00120529 0.00251487 9.06134e-005 0.608157 0.000667894 4.88149e-005 
0.00492359 0.46602 0.000287288 0.911748 0.000262163 9.8339e-005 0.000289862 0.0007437 
0.912013 0.00144617 0.000474541 0.000572747 0.462484 5.20628e-005 0.00116481 5.00072e-005 
0.605418 0.000305672 0.00161853 0.00128552 0.000190084 5.04367e-005 0.604357 0.603002 
0.00305137 0.000156231 0.000144794 0.605416 0.00561068 5.13338e-005 0.605011 0.603363 
0.000742344 0.606918 0.000357649 0.603799 0.608959 0.000112602 0.000607773 5.34733e-005 
0.449473 0.000200338 9.18058e-005 0.000277057 0.000698592 0.000365141 2.40221e-005 0.916828 
9.29105e-005 0.000546895 0.000296998 0.922611 0.000276617 2.42151e-005 5.08679e-005 0.462825 
4.78578e-006 0.000178364 0.526026 0.000143847 1.01824e-005 4.73961e-005 0.871135 2.802e-006 
0.00840974 0.587001 0.624334 0.589394 0.0140645 0.000255143 0.000598424 0.0017848 
0.000160476 0.000160928 0.000165622 2.90843e-009 0.00025288 0.463445 0.902354 8.41355e-005 
0.115823 0.9611 0.14784 0.180171 0.085476 0.125396 0.132472 0.113157 
0.915215 3.79079e-006 0.000376272 0.00145881 0.000314733 0.45255 0.000584402 0.00029676 
0.676734 0.118667 0.142547 0.148221 0.086505 0.112739 0.705482 0.10014 
0.14633 0.710846 0.147468 0.133372 0.110087 0.0971575 0.676227 0.0948555 
0.000654444 0.61976 3.06857e-005 1.33901e-005 0.000710038 0.600736 0.593587 0.00385501 
0.550956 0.549614 0.6556 0.000201794 0.000380853 0.000283142 0.0131191 0.00026453 
0.000114069 0.00011204 2.19473e-005 9.14937e-005 4.70619e-006 3.5922e-005 0.452189 0.920817 
0.132164 0.133341 0.966322 0.130731 0.122757 0.127945 0.139678 0.133954 
0.602693 3.09649e-005 0.00273651 0.604756 0.000307465 0.000170596 0.59436 0.000321632 
0.603875 0.000261047 0.000663009 0.000529799 0.000700167 0.615367 0.000150063 0.607167 
0.00080841 0.922171 0.000553938 0.000577773 0.000330858 0.000718884 0.441843 6.04645e-005 
1.60013e-005 1.51301e-005 0.00151249 0.00155315 0.92227 5.55191e-005 0.000355194 0.461975 
0.558937 0.00898092 0.624344 0.000318471 0.000124517 0.583243 0.00111627 0.000252453 
9.03528e-008 4.21035e-010 0.00248129 2.79745e-009 1.48533e-007 0.913568 8.2898e-005 0.448296 
0.588451 0.000583443 0.000648894 0.590321 6.13291e-005 0.000308789 0.000564041 0.593267 
2.81253e-005 0.921935 0.000280601 6.61866e-008 0.000335389 1.21499e-005 0.000527095 0.455119 
0.450516 2.98172e-006 0.00018522 0.927617 0.00120337 0.000795342 0.00127975 0.000317959 
2.46951e-005 0.0014494 0.598584 4.18855e-005 0.591612 4.24956e-005 0.572202 8.54675e-005 
1.24183e-005 1.03138e-006 6.32324e-007 8.82842e-006 7.99466e-005 0.933766 0.466251 2.14992e-005 
0.00912885 0.59337 0.614256 1.84257e-005 0.000241786 0.0014125 0.000567245 0.55004 
0.106772 0.102127 0.752518 0.119882 0.118687 0.127706 0.662646 0.145014 
0.598687 0.586861 0.000276479 0.000346411 0.000300787 0.0024824 9.1645e-005 0.582624 
0.155936 0.153945 0.20685 0.681353 0.111643 0.688919 0.139642 0.144149 
0.0340829 0.141455 0.132956 0.0806794 0.0190953 0.141931 0.674513 0.728852 
0.673421 0.697605 0.164853 0.128507 0.12409 0.13122 0.143366 0.126321 
0.125907 0.152882 0.191616 0.0461672 0.735508 0.119159 0.670286 0.142571 
4.2124e-006 0.000392 0.561458 1.04226 0.000254473 4.60253e-005 0.000178966 1.32646e-005 
0.921423 0.00217709 0.00134969 0.458587 0.000101882 0.000195125 0.002867 0.000505268 
0.0075614 0.00729378 0.949812 0.42435 0.000361169 0.000565405 0.0189404 1.22547e-005 
0.585326 0.000944384 0.626992 0.00362821 0.00107976 1.06206e-005 0.562497 0.000301199 
0.012199 0.00237327 0.620975 0.00062891 0.602892 1.86596e-005 0.000159849 0.585001 
4.38813e-005 0.00590369 0.636213 0.0048657 0.000354811 0.525545 0.000480153 0.614752 
0.912228 0.001673 0.000592415 2.87325e-006 0.000133516 7.46403e-005 0.455198 4.08703e-005 
2.26305e-005 2.00508e-005 0.615795 0.00262651 0.000114185 0.587232 0.578453 0.000329963 
9.82081e-005 9.3773e-005 2.80881e-005 0.601726 0.605161 0.599363 0.000638905 0.000391376 
0.10258 0.0919523 0.140357 0.198352 0.148701 0.0641321 0.0622173 0.998203 
0.000349248 0.596237 0.000644771 0.00111605 0.593086 4.06044e-005 0.00026532 0.594976 
0.000783807 0.597218 0.000883978 0.586057 0.000122419 0.583564 0.000773908 0.00031319 
0.594336 0.00319367 0.000885311 0.583105 0.000121816 0.590421 0.000774345 0.00170198 
0.00421791 0.00416814 0.600277 0.000120162 0.588 0.581868 0.000116235 0.000265686 
0.451176 0.00142921 0.00176899 0.00327372 3.11483e-005 0.914822 0.000167321 4.47401e-005 
0.943022 0.000420151 0.000249463 0.000827343 0.00109339 0.000742704 0.000163861 0.464392 
2.16431e-007 0.00026168 0.000255246 0.000197193 0.591477 0.591312 0.000587337 0.600163 
2.22704e-009 2.93352e-010 3.85361e-006 4.22249e-006 0.000353184 3.26818e-007 0.912596 0.461052 
8.98534e-006 0.000571042 0.000598525 3.5493e-006 6.8163e-006 0.585531 0.590086 0.593241 
0.605662 0.0107869 0.000564669 0.00112914 0.602557 4.12528e-005 7.87279e-005 0.604957 
0.134546 0.168652 0.107758 0.0400303 0.708114 0.142687 0.176619 0.685445 
3.60464e-008 6.44733e-005 0.942592 5.31805e-005 9.20746e-005 0.395899 6.16867e-005 1.11954e-005 
0.457598 0.0053118 0.000438114 0.000441203 8.99343e-005 0.00087308 0.905234 0.000306265 
0.0955084 0.116748 0.145391 0.702502 0.150329 0.141747 0.661872 0.161039 
0.00044921 0.919698 0.000343058 0.00118102 0.000270117 0.449335 0.000683586 0.000318598 
1.81491e-011 3.11215e-014 2.73421e-008 7.32204e-010 1.92186e-011 5.70757e-010 3.59006e-011 1.02101 
0.592867 0.000152489 0.606106 0.566369 0.00191409 0.000241346 0.00058899 0.00174949 
9.61338e-010 7.3112e-010 1.93106e-007 5.94761e-009 3.39847e-007 6.12105e-009 1.02679 6.09191e-006 
0.132958 0.671204 0.15548 0.692092 0.122408 0.142532 0.149295 0.113164 
0.117938 0.132984 0.708091 0.109501 0.667631 0.161863 0.141573 0.140991 
0.46388 0.917382 0.000312035 0.000670678 0.000107968 0.000296798 8.98122e-005 4.62431e-005 
1.4467e-005 0.000982866 0.000839757 0.47044 0.000273816 0.912968 0.000548233 4.71919e-006 
0.10366 0.127578 0.124794 0.686561 0.105735 0.0838981 0.127748 0.708673 
0.000158021 0.000286253 2.85831e-007 0.450506 0.922374 7.36049e-006 0.00515923 7.45174e-005 
0.00445237 8.37083e-006 0.000949678 0.581515 0.000358364 0.586876 0.00233372 0.592726 
0.897473 0.00793745 0.477717 3.20239e-006 0.000339916 8.31905e-005 7.39273e-005 0.000115808 
0.0834221 0.0882192 0.124938 0.134019 0.989339 0.0907635 0.0936755 0.106864 
0.145159 0.701158 0.698694 0.131211 0.124772 0.130002 0.138386 0.136046 
0.000626397 0.475465 0.000230094 0.000331749 6.95102e-005 0.000166341 0.925624 0.000319562 
1.4707e-006 7.83917e-005 8.78943e-007 0.000148981 0.911735 0.000698567 0.453727 2.19257e-005 
0.000405997 0.590223 0.00166077 4.59194e-005 0.578361 0.593017 0.00394251 1.0308e-005 
0.00097397 1.24327e-006 0.496012 1.31212e-005 0.000133881 0.000825154 0.0130084 0.891775 
0.463072 0.00638325 0.000140536 1.88046e-005 0.911818 5.16647e-005 0.000154083 0.000158772 
0.000681928 0.462629 0.000109125 0.000175455 0.000480859 1.29454e-005 1.79735e-005 0.912557 
0.00236833 0.00233166 7.83945e-007 1.77316e-007 0.462621 1.26611e-005 0.000176096 0.912563 
0.000222241 0.923971 0.000900744 0.462358 0.00137523 0.000135949 0.000605782 5.43064e-005 
4.77064e-006 0.000640739 0.962409 0.000263095 0.000171293 0.000195393 0.397164 1.02552e-005 
7.36514e-005 0.00457234 0.635585 0.573795 0.00127572 0.565463 5.02194e-005 0.000619875 
0.000245866 0.00112263 8.42602e-005 0.596093 0.590358 0.000112989 0.576947 0.000188933 
5.20462e-005 0.00060824 3.88034e-006 0.931058 9.8043e-005 0.46725 5.7156e-005 0.00032166 
0.66869 0.110126 0.123685 0.108164 0.17364 0.702376 0.155752 0.153013 
5.73487e-005 0.000426366 0.596831 0.578737 0.000119273 0.000416374 0.000311161 0.586617 
0.00968695 1.87977e-005 0.61755 0.00447667 6.23724e-005 0.000228898 0.580389 0.575977 
1.7034e-005 0.000825208 0.000848166 1.78388e-007 0.00024266 0.455246 7.4004e-005 0.918343 
0.00261789 0.615651 0.00054636 0.000502268 0.000362983 0.59437 0.000275735 0.600846 
1.70041e-005 0.000193535 0.619837 0.577079 2.10598e-005 1.97509e-005 0.564658 0.00113893 
0.0063139 0.00325046 0.644296 0.559306 0.57028 2.28833e-005 0.000829128 2.74265e-005 
0.961703 0.123722 0.13661 0.119301 0.120336 0.161337 0.14704 0.140083 
0.707069 0.128999 0.692094 0.142724 0.121127 0.128032 0.138131 0.135421 
0.0641073 0.062459 0.0865474 0.0698097 0.0830797 0.715523 0.124982 0.706647 
0.593747 0.601413 5.44902e-005 0.587592 0.00138081 9.9407e-005 0.00101519 0.000315548 
0.00065073 0.458601 0.00155501 0.000155514 1.37506e-005 0.911336 0.00059947 2.33823e-005 
0.143766 0.692577 0.120816 0.124816 0.182028 0.692319 0.127011 0.155909 
0.00101649 0.592427 0.000361201 0.589998 0.000234142 0.000645167 0.58814 0.000266034 
5.82684e-005 0.594167 0.000134092 0.579983 0.000862634 0.000683093 4.46566e-005 0.587258 
3.75117e-005 3.43889e-005 6.60039e-006 4.94938e-008 4.17666e-007 1.02144 2.14987e-006 4.59969e-006 
0.00115002 1.04925 0.000318487 0.000684547 0.000168497 0.000366381 6.57812e-005 4.71994e-005 
3.32721e-007 7.07336e-009 7.5788e-010 3.38021e-007 1.02762 9.73009e-005 4.9992e-005 2.09656e-005 
0.59892 0.601247 0.000312384 0.00118647 0.595428 3.16449e-005 0.000233316 0.00168525 
0.00311276 0.585169 0.626832 0.00368777 0.00107949 0.00031109 0.562354 0.000314894 
0.100631 0.124222 0.150293 0.971029 0.148722 0.0759698 0.13684 0.0950383 

