0.675036 0.120598 0.148301 0.0974477 0.713674 0.129351 0.137888 0.132576 
0.000865513 0.625168 0.61519 0.0032817 0.000238272 0.616954 0.000517756 0.000911327 
5.44329e-005 0.617458 0.000375866 0.599933 0.593124 0.00102105 5.44875e-005 0.000664446 
0.905125 0.000135395 0.000410074 0.470734 0.000789701 7.28204e-005 0.000105901 7.83941e-005 
0.465615 2.286e-006 0.000266915 0.00119729 2.11486e-005 1.41772e-005 4.89205e-006 0.924235 
0.12438 0.970256 0.117142 0.137619 0.138752 0.142232 0.0971451 0.115453 
0.135803 0.1258 0.147465 0.125919 0.15287 0.687797 0.680365 0.133765 
0.133576 0.105084 0.683534 0.144189 0.682893 0.15395 0.131117 0.134815 
3.47528e-005 0.503226 0.000267409 0.000751288 0.000236207 6.57362e-005 0.939778 5.92494e-005 
0.0116184 0.0118988 0.914716 0.0245632 0.0017239 0.000977783 0.000733998 0.443365 
0.58013 0.601408 0.000515162 0.00120004 0.595974 0.000164832 4.59426e-005 0.000135274 
0.595128 0.000230909 0.000578699 0.000343132 5.63226e-005 0.583452 0.581712 0.000947686 
0.142574 0.11849 0.159454 0.166032 0.0577356 0.124629 0.702848 0.675623 
7.82726e-005 7.71816e-005 7.18995e-005 1.04306 1.45551e-005 3.7398e-005 7.45166e-006 4.49057e-006 
8.98072e-007 0.000226263 0.000465149 9.47633e-006 0.917868 7.93616e-006 0.000174748 0.441766 
0.0121302 0.610446 0.0010211 0.000202282 0.000432206 0.584319 0.000589057 0.575613 
0.144665 0.115659 0.159204 0.161978 0.162597 0.704786 0.157859 0.710509 
0.965178 0.107641 0.12196 0.122323 0.118154 0.112339 0.100385 0.128323 
0.0008245 0.0304491 0.00136318 0.913627 0.00349739 0.000642823 0.460673 0.00664313 
3.02193e-006 0.000670459 0.916694 0.00124779 0.459496 2.78182e-005 0.000479747 3.7559e-005 
0.597317 1.17005e-005 0.00404024 0.00089276 0.584773 7.72285e-006 0.000398088 0.578299 
6.66631e-008 2.97121e-006 8.50149e-009 6.7991e-005 1.55581e-008 0.948492 0.000549338 0.472644 
0.0916972 0.0850506 0.102777 0.142355 0.11724 0.110938 0.0700669 0.97469 
0.904157 0.000145217 0.460252 8.61359e-005 0.000795963 0.000218725 0.000707381 4.39378e-006 
0.0971264 0.0945265 0.120023 0.102597 0.0320669 0.148435 0.978732 0.107091 
1.86422e-005 4.74607e-007 0.000680235 0.955675 0.00179198 5.37985e-005 5.60294e-006 0.46126 
2.33191e-010 7.15634e-009 2.78119e-006 2.60622e-006 3.79176e-006 0.457057 1.19474e-005 0.912756 
9.12525e-006 0.609093 0.0013763 0.000810788 0.580198 0.000248117 8.46805e-005 0.575785 
0.00222921 0.938461 0.00187718 0.000386676 9.06113e-005 0.442691 0.000687708 0.000722274 
0.44224 0.918555 0.000448614 0.000957947 4.25111e-005 0.000571692 0.000468629 3.58138e-005 
3.30056e-007 0.000575698 0.597322 5.49772e-005 0.00104638 0.59164 0.59127 0.000962302 
0.00586181 0.601427 0.000569937 0.00339468 0.00016827 0.582123 0.585472 0.00127369 
0.130799 0.105433 0.104028 0.187007 0.700259 0.14287 0.10644 0.68706 
0.100942 0.665215 0.131623 0.153483 0.123732 0.696873 0.117646 0.119771 
0.00318767 3.71131e-005 1.93672e-006 1.27506e-005 0.602031 3.53107e-005 0.589931 0.579975 
0.000709213 0.000127043 1.22128e-005 3.48143e-006 0.608657 0.585681 6.67083e-006 0.583155 
1.11372e-007 0.00631746 4.55188e-006 0.000164891 1.22652e-006 8.73469e-008 0.912484 0.4509 
5.80199e-005 0.0010985 0.613318 0.61733 0.000593759 0.599075 0.000514713 0.00215492 
0.00104955 0.000969059 0.000899781 0.000279071 0.00020515 0.596552 0.585011 0.586406 
6.39657e-006 2.04751e-008 0.920512 0.000268818 0.000143553 0.440844 3.7131e-005 0.00115018 
0.000652062 0.605049 0.596751 0.000434744 0.000158204 9.30405e-005 0.57534 0.00176618 
5.41663e-009 1.0422e-006 0.00076588 0.0083524 0.46249 0.000653715 4.71625e-005 0.912075 
0.00115253 0.620664 0.00185112 0.605088 0.00588657 0.609976 3.54472e-005 0.00568019 
6.75055e-006 7.17982e-006 0.00526444 1.35378e-005 0.608125 0.613832 0.604672 0.000116645 
0.00325308 1.21717e-005 0.584737 0.000853332 0.593875 0.58073 0.00365688 9.8353e-005 
0.472794 0.00888613 0.000252984 0.000272646 4.47528e-005 0.0190998 0.899383 0.000947632 
0.000879765 0.620161 0.600938 0.000643394 0.591657 0.00239365 0.00130427 0.00247099 
1.82951e-005 0.000391486 0.458329 0.000743032 0.917915 0.000537733 5.39841e-005 3.60543e-006 
9.36185e-005 0.00223911 0.593295 0.00236609 7.61056e-005 0.580419 1.00316e-006 0.581636 
0.000624918 0.623117 0.00620993 0.000790056 0.000614924 1.23891e-005 0.591638 0.554337 
0.613875 0.00228291 0.00327189 0.6231 0.00160756 0.000137179 0.00264261 0.59616 
4.17773e-005 4.18824e-005 1.34366e-007 0.469761 2.1081e-005 1.68581e-005 5.19674e-005 0.912936 
0.596263 0.613121 0.000242594 0.00098889 0.00246904 0.564514 0.000422356 0.00171899 
0.00230168 0.00496472 3.86412e-006 0.619708 0.00103664 0.601743 0.60292 0.00103847 
0.471837 0.000110724 0.000407049 0.00116391 0.944969 0.000553582 5.55752e-005 3.7117e-006 
0.00463049 0.478534 0.00134438 0.00136431 0.00023273 0.905103 0.000334415 2.25396e-005 
0.00770478 0.000144052 0.612261 0.632655 9.04566e-005 0.000384966 2.83446e-005 0.600065 
0.596757 0.00335838 0.595797 0.000519909 0.0001224 8.24997e-005 0.000153451 0.584313 
0.604486 0.000325948 0.00095779 0.000260451 0.000189149 0.594885 5.00817e-005 0.571649 
0.604219 0.58482 0.00131931 0.000814292 0.000256514 0.000453537 0.569333 8.03745e-006 
0.476357 8.23966e-005 0.000406161 0.00012993 3.93974e-005 0.940302 0.000517162 6.65176e-005 
0.00346141 3.07841e-005 0.603514 0.000191169 9.16905e-006 2.63402e-005 0.594346 0.584576 
0.00521714 0.608175 0.000290915 0.588815 0.000121434 0.000798643 0.583232 0.000257386 
7.17134e-005 6.89204e-005 6.20288e-005 0.930838 3.33718e-005 0.453377 8.17047e-006 4.45752e-006 
3.27131e-006 0.000629427 0.462544 0.00021753 0.000232072 0.00362063 4.71617e-005 0.912059 
0.137371 0.130778 0.68969 0.115869 0.111615 0.679437 0.131503 0.118035 
0.000969146 3.06331e-006 0.00398568 9.38455e-006 0.00102806 0.00156295 0.46552 0.901707 
0.00042265 0.472981 0.000483419 0.908131 0.000497946 0.000499896 0.00884197 2.25424e-005 
0.698025 0.123181 0.137194 0.110578 0.148333 0.131232 0.0979664 0.682984 
0.0978512 0.0986762 0.141102 0.107721 0.698302 0.15277 0.687433 0.121125 
0.95049 0.000787032 0.00246288 0.000548122 8.12499e-005 0.00585108 6.01485e-006 0.46462 
0.593123 0.00707113 0.000508495 0.593433 0.590994 4.47031e-006 0.00875641 0.00161047 
0.598082 0.00203822 0.00174605 0.000364037 8.8788e-005 7.72915e-005 0.592332 0.583259 
0.000153473 0.000308322 1.57456e-005 0.451246 0.914357 0.000253141 1.02177e-005 0.000111316 
0.00285769 0.476222 0.948826 0.00592017 8.6858e-005 0.000719796 0.00052502 0.000214608 
4.00249e-005 0.00181648 0.000276407 0.591707 0.59774 0.000201338 0.579479 7.24669e-006 
6.19468e-008 2.38787e-005 0.00153871 0.623511 8.14571e-005 0.606825 4.54524e-005 0.602909 
0.102962 0.10018 0.136862 0.980025 0.112218 0.12928 0.0897494 0.0955129 
0.115946 0.098669 0.141834 0.110731 0.658219 0.719388 0.142872 0.156423 
7.24747e-006 0.483755 0.000256942 0.00058795 0.000232872 9.69476e-005 0.000246998 0.901583 
0.000938677 3.55209e-006 0.913888 0.4519 4.72098e-005 5.84944e-005 0.000108859 0.000100933 
0.00253495 0.0013799 0.000101396 0.458594 0.000179844 0.000316266 0.910776 0.0001936 
3.01495e-008 2.15565e-010 8.62469e-011 3.24922e-006 1.813e-007 1.01544 7.23709e-006 3.8863e-007 
7.06005e-006 6.27082e-008 1.01603 8.43599e-005 1.57595e-005 0.000255605 4.13376e-005 5.33199e-005 
0.000207 0.00816316 0.600807 0.590053 0.000643951 0.000201591 0.580209 7.25583e-006 
0.00512333 0.61239 0.00103626 0.59293 0.00191379 0.000200826 0.000422301 0.575024 
0.604977 0.652233 0.00156709 0.602387 0.00149738 0.000105442 0.000107016 7.6767e-005 
0.593027 0.00226068 0.601601 0.000691451 0.579731 0.00374874 0.000194242 6.07664e-005 
0.684603 0.700195 0.13403 0.135531 0.133534 0.133577 0.129711 0.122116 
0.000235317 2.44482e-006 2.11918e-007 1.14906e-006 0.00450892 0.454655 0.912477 1.70741e-005 
0.00493537 0.00511106 0.000141983 1.96431e-006 0.950602 0.462775 1.29774e-005 0.00178462 
0.129989 0.661306 0.1135 0.09493 0.72455 0.129228 0.133676 0.157746 
0.135851 0.718152 0.129652 0.140728 0.144389 0.116893 0.650854 0.140067 
3.30623e-006 7.50445e-006 7.51012e-006 0.591618 0.600365 0.00126654 2.17026e-005 0.581457 
0.0025389 0.480583 0.000258252 0.000605995 0.909188 1.85311e-005 5.34691e-005 0.000644259 
0.584493 0.613731 0.577059 0.00293031 0.00144457 0.00112858 0.000166203 6.51891e-005 
0.463196 0.00010733 0.911259 0.0046954 0.00324131 9.87617e-006 4.76775e-005 8.43397e-005 
0.132995 0.123429 0.148488 0.669843 0.694605 0.116937 0.135926 0.133096 
0.0996141 0.686417 0.135687 0.158223 0.127561 0.129305 0.0880851 0.681155 
0.672485 0.162541 0.673921 0.132886 0.130759 0.128326 0.142893 0.144464 
3.79727e-006 2.13378e-006 0.459026 0.00033471 0.00018001 0.000161137 0.911616 0.000193778 
0.00339924 0.912737 0.452815 0.000196934 7.3004e-005 0.000129579 0.000494834 0.000147395 
0.945928 0.471449 0.0010177 0.00126638 9.79807e-005 0.000507998 0.00043519 6.44509e-005 
0.100647 0.698894 0.0960254 0.675044 0.151304 0.115222 0.132335 0.132121 
4.48551e-005 4.31027e-005 5.4719e-008 3.31901e-007 1.03364 3.1283e-005 6.42224e-006 2.69648e-005 
0.582599 0.604159 0.000726975 0.000181265 0.000121866 0.000204725 0.000416886 0.568761 
1.61053e-005 1.075 0.000571245 0.00160492 0.000504589 0.000140427 0.000548847 5.9748e-005 
8.81863e-005 7.72359e-005 0.00113306 0.600737 0.000230228 4.14132e-005 0.5875 0.589541 
9.83333e-005 9.13414e-005 0.00135431 9.73534e-006 0.893179 0.00026375 0.482603 1.53698e-005 
0.172252 0.157331 0.0113403 0.661981 0.126798 0.701072 0.11799 0.133288 
9.45156e-006 0.922701 0.000398513 0.443881 0.000476778 0.000284921 0.000500753 0.000604149 
0.0033061 5.30583e-007 0.594263 0.000867233 0.593107 3.34527e-005 0.584798 4.54752e-006 
0.123856 0.118974 0.696563 0.114797 0.145966 0.107653 0.675248 0.118338 
0.000508362 1.52567e-006 4.953e-005 0.584224 0.591513 0.599129 0.000674235 0.000185802 
0.593268 0.00192035 0.601845 8.50695e-005 0.00146846 0.00303498 0.587272 0.000184423 
6.21317e-010 1.97349e-008 8.13055e-010 6.54131e-012 1.09287e-011 5.1894e-010 1.89062e-008 1.01695 
2.50492e-006 9.69076e-005 0.472899 0.908641 0.000776245 0.000245896 3.87994e-005 0.00106283 
0.696096 0.0764051 0.120132 0.117868 0.11002 0.683435 0.130003 0.137716 
0.914657 0.000132722 0.000783876 0.000376929 0.000135729 0.448718 0.000703629 0.000693883 
0.00225545 0.613657 0.590176 0.000156066 0.00178744 0.000445664 9.45125e-006 0.56919 
0.000134792 0.00159685 4.91888e-007 0.903854 0.460511 0.000259962 1.01532e-005 0.00171882 
0.184431 0.180536 0.0506131 0.140851 0.956201 0.100636 0.141301 0.139511 
0.603737 0.00010443 0.000517894 0.584497 0.000119854 0.000290923 0.589836 0.000189889 
0.596034 0.00194474 4.14232e-005 0.588492 0.00336387 0.579225 0.00095861 6.02064e-005 
0.118637 0.735463 0.651773 0.129525 0.133831 0.125156 0.137565 0.119638 
0.687163 0.0994184 0.136633 0.688693 0.136376 0.135736 0.137221 0.128772 
0.00570349 0.950464 0.00637685 0.00530046 8.97288e-005 0.00110583 0.481809 0.00117905 
3.49791e-005 3.92081e-007 0.599372 5.29809e-005 0.587983 0.000339665 0.00362738 0.576451 
1.31655e-007 6.16775e-006 1.38424e-007 2.47092e-008 3.47256e-007 9.4166e-007 1.0201 9.11971e-007 
2.10167e-010 9.43348e-009 2.89383e-006 6.691e-008 1.29667e-008 0.903187 0.466021 5.62814e-006 
0.000185961 0.000174992 6.7046e-006 2.25527e-007 0.453194 0.000163047 0.905854 0.000203672 
0.151426 0.143964 0.134874 0.708711 0.132626 0.118612 0.101515 0.708639 
0.598622 0.00153074 0.00586842 2.01569e-005 0.589254 0.577563 0.000497344 0.000128533 
0.116084 0.111614 0.133263 0.103456 0.127804 0.974079 0.111895 0.120867 
0.105531 0.102572 0.968252 0.111901 0.152768 0.114798 0.130729 0.10689 
0.586859 0.00139364 0.588912 0.584939 0.000696715 9.96099e-005 0.000496416 7.90959e-005 
0.466047 0.00010265 0.00033733 0.943091 2.72426e-005 0.000262617 4.08737e-005 0.0010483 
0.620826 0.00346158 0.619699 0.00328206 0.000240397 0.617022 0.000199518 0.000662652 
0.000390245 0.93475 0.0006636 0.000127883 0.000136677 6.55033e-006 5.57792e-007 0.437278 
0.00508596 0.633135 0.000632954 0.000249644 0.614756 0.610364 0.000269593 0.000213522 
0.00151581 0.00151663 0.00233969 0.00221516 0.458215 0.909567 0.000516412 0.000121694 
0.140269 0.145703 0.213781 0.669798 0.13889 0.115369 0.680402 0.122936 
0.914359 0.00129268 0.000247091 0.000169329 0.456649 0.000297328 1.20878e-005 7.28915e-005 
0.000643721 0.59731 0.000259096 0.000304711 0.60448 1.54922e-005 0.575331 0.000118104 
0.123034 0.124507 0.675798 0.695018 0.132186 0.136601 0.136452 0.128412 
2.53503e-007 4.18124e-006 0.602812 0.589428 0.607565 0.000359512 2.74631e-005 0.00103881 
0.00194048 5.84751e-005 3.49139e-006 0.470162 5.15977e-005 0.917125 1.048e-005 0.000112641 
7.1675e-005 0.00304987 0.898525 0.00150179 0.000330876 0.000589305 0.471169 1.52747e-005 
1.02529 0.000163517 0.000704004 0.000278095 0.000143403 0.00035297 0.000111387 5.88883e-005 
0.0012623 0.919499 0.00186184 0.000170499 0.459218 1.38905e-005 0.000506682 7.63469e-005 
0.00603729 0.00318686 0.466713 0.000942813 7.64633e-006 0.936135 1.95594e-005 0.00175882 
0.909444 0.00389422 0.000406807 0.00656709 0.000908747 0.000392422 0.49793 0.00225322 
0.685456 0.140716 0.120077 0.112243 0.136291 0.137615 0.681517 0.138096 
0.00109977 0.605923 0.571761 0.586135 0.00069814 0.00246243 0.00134665 7.9258e-005 
0.134763 0.12465 0.719105 0.117385 0.128872 0.120821 0.0971073 0.653117 
0.591374 5.50804e-005 0.000303276 0.000863004 0.600323 0.000113871 0.586969 0.000104219 

