2.56252e-006 0.000492353 0.000294571 0.906028 4.91056e-005 0.455762 0.000128833 1.30399e-005 
0.000650487 0.907013 0.000295125 0.447559 2.09345e-005 0.000291297 3.96087e-005 0.000101686 
0.000105607 0.000105263 0.58476 0.58376 0.575999 0.00115328 0.000150627 1.28716e-005 
0.000135466 0.000141393 0.45028 0.000115171 4.24305e-006 8.38049e-007 3.91966e-005 0.90476 
0.000400167 3.01478e-005 5.07869e-005 1.28538e-005 0.904553 0.454434 0.000178366 4.25133e-005 
0.00372255 0.585271 0.580364 7.29149e-005 3.18843e-005 0.583602 6.31571e-005 1.23363e-005 
4.414e-006 0.000813802 0.586358 8.56274e-005 0.582349 0.585112 0.000106854 2.65643e-005 
7.239e-005 0.000142223 0.000158261 0.000223501 0.000222515 0.584595 0.579747 0.583886 
0.151347 0.673501 0.676148 0.139759 0.136028 0.116066 0.132969 0.141357 
0.907417 0.000116006 3.4098e-005 0.000190087 0.000498699 0.450354 0.000216231 0.000465411 
2.27574e-006 6.84258e-005 1.90365e-008 0.453654 0.000511648 2.35008e-005 0.905351 4.43138e-005 
0.913175 0.00132803 0.000453874 1.27612e-005 0.000134159 0.000275717 0.444359 6.98008e-005 
8.80841e-005 2.69892e-007 0.588826 0.00016416 2.09949e-007 0.588789 0.000183628 0.589448 
9.23659e-005 8.54446e-006 0.591891 1.81875e-005 0.000116755 0.587099 0.586228 1.37747e-005 
0.00236586 0.588423 0.000300623 5.31505e-005 0.581006 0.58085 0.000161349 0.000414021 
1.72392e-008 1.76071e-008 1.02188e-007 1.02685e-009 1.36494e-008 9.8286e-013 0.900784 0.452379 
0.587278 0.00683539 0.000274766 0.000163038 0.583555 3.40407e-005 0.000130656 0.582208 
0.585649 0.00314355 0.580736 0.000366948 3.20354e-005 0.583976 6.31976e-005 0.000318662 
0.136311 0.124449 0.151265 0.661485 0.125263 0.6967 0.143339 0.117713 
0.588211 0.00211741 0.00257921 0.584096 2.58032e-005 0.000184357 0.000175093 0.586013 
0.00594997 0.583808 0.585054 0.586306 3.93827e-005 0.000178701 0.000151957 0.000236122 
4.65673e-005 0.00222494 3.61103e-006 0.905691 0.00012856 1.9921e-005 0.00021101 0.455222 
0.590743 0.00211395 0.585421 0.000203351 0.585618 0.000904394 0.000183699 1.80765e-005 
0.132284 0.666378 0.127448 0.135838 0.109421 0.692452 0.142773 0.108627 
0.459868 6.93515e-005 0.000217605 5.62686e-005 0.00027924 0.000690242 5.8692e-005 0.90194 
9.31256e-007 0.00133568 1.73774e-006 1.14952e-007 0.452438 0.90293 0.000236872 4.09378e-005 
8.29717e-006 0.588116 0.58983 0.000220357 0.000483693 2.32949e-006 0.000192672 0.582382 
0.00132708 0.585632 0.000273978 0.000162293 0.584105 3.40075e-005 0.000104092 0.581641 
0.124662 0.111397 0.154575 0.66669 0.134896 0.130728 0.686527 0.152103 
1.48756e-007 1.52684e-007 0.000490188 0.000226186 0.4515 1.69825e-007 3.93028e-005 0.907212 
0.697823 0.100331 0.672454 0.118318 0.152878 0.131408 0.0946487 0.096763 
0.000255894 7.117e-006 0.457255 0.911546 0.000133717 0.000157099 0.000133421 6.35775e-006 
3.31299e-007 7.54884e-010 0.00112574 0.585037 0.000865024 0.590136 4.37171e-005 0.583995 
0.674547 0.124133 0.133707 0.134382 0.682239 0.138462 0.135613 0.114966 
0.106199 0.968249 0.108391 0.12116 0.138301 0.100812 0.106569 0.0871234 
6.45271e-005 5.64737e-005 1.77849e-006 0.586288 0.581841 0.000132206 4.27722e-005 0.585741 
2.03022e-005 0.000468112 6.70739e-008 1.57418e-005 1.01257 9.24993e-005 1.6782e-005 2.60166e-005 
0.112457 0.106916 0.108196 0.109442 0.109193 0.971093 0.105945 0.11386 
0.589389 0.587673 0.00369416 0.574897 0.00118109 4.09282e-006 0.000483681 1.49405e-005 
8.6284e-008 0.000115293 0.452149 0.000131248 0.903359 0.00115669 0.000126789 1.29096e-005 
0.458278 0.00213434 0.000418816 3.41224e-005 0.905086 0.000149339 0.000233864 1.19729e-006 
5.233e-005 4.62944e-005 5.64663e-005 2.13828e-006 0.587675 1.46482e-005 0.584886 0.590389 
3.58169e-010 1.12837e-012 1.99893e-008 2.10981e-010 6.72988e-009 4.2088e-008 1.00754 2.47232e-008 
0.000198829 0.000213943 1.36509e-006 0.90476 0.451166 0.00015592 1.32812e-005 4.58696e-005 
0.00986245 0.58389 0.00200601 0.581867 0.000252426 9.7044e-006 4.17412e-005 0.590018 
0.583721 0.000674707 0.584937 0.586189 3.93748e-005 0.000159448 0.000151926 0.000240364 
0.00145105 5.19459e-007 0.909904 9.30874e-005 4.70263e-006 2.55101e-006 0.000176935 0.455743 
0.108283 0.102872 0.119024 0.107897 0.970068 0.114117 0.113685 0.0939681 
0.000549205 0.456846 0.000733539 0.911134 0.000199 0.000159753 0.00015225 4.54843e-005 
0.586425 0.583565 0.000556375 0.000248211 0.000113878 8.51134e-006 0.000858266 0.58155 
0.000612486 5.05135e-006 0.000126355 0.587833 0.580951 0.585589 0.000225759 0.00339195 
0.000187404 0.00184167 0.903313 2.51464e-005 2.60084e-005 0.454363 5.58561e-005 7.87152e-006 
1.84052e-006 9.90283e-005 4.16479e-007 3.7182e-005 4.44236e-006 0.449269 2.85976e-005 0.900826 
0.590414 0.00426864 0.000187668 0.584567 0.586242 0.00116089 0.000130619 0.000292707 
0.000121702 0.455523 0.900479 0.000881422 0.000100668 5.8105e-005 0.00015963 6.91196e-006 
2.23369e-008 8.80065e-011 1.59997e-010 4.71372e-011 1.486e-010 2.07827e-009 1.54927e-008 1.01752 
0.00103149 0.586146 0.587898 0.00030463 0.585371 0.000284708 0.000277476 0.000540885 
0.00142338 3.01184e-007 0.592735 1.48819e-005 0.000129468 1.806e-006 0.587807 0.592011 
0.581666 0.587827 0.584018 0.000125792 0.00122344 0.000396382 0.000472317 0.000532541 
0.45531 0.000263041 0.000212132 7.37086e-005 9.32219e-006 0.908677 0.000938152 0.000302252 
0.117175 0.131906 0.152153 0.116786 0.685583 0.675144 0.136593 0.107419 
0.917433 1.36731e-005 2.21852e-006 1.82284 0.00109477 0.00159933 0.000434598 4.60291e-005 
0.133122 0.674669 0.12678 0.137256 0.110186 0.126362 0.131255 0.690463 
0.000372395 8.25222e-007 0.587803 0.582341 0.000238758 0.000482656 0.581651 3.04653e-005 
3.83642e-005 1.01322 0.000119387 8.48844e-005 7.33156e-006 1.18066e-005 9.84507e-005 0.000218161 
0.45633 0.00150732 8.90652e-005 0.000353663 9.00193e-005 0.000356481 0.900339 0.000281518 
0.000479937 1.72259e-005 0.906426 0.000336198 0.455775 0.00027308 0.000151881 2.11881e-007 
6.52192e-006 0.588813 5.50522e-005 0.00160598 2.43068e-005 9.16138e-005 0.584999 0.586153 
0.124294 0.125282 0.16742 0.0927046 0.118746 0.684325 0.682418 0.126897 
0.58906 0.00011035 0.000600497 8.23079e-005 0.57798 0.000513331 0.584383 0.000301295 
0.589774 0.00112647 0.00146647 0.584296 2.50449e-005 0.000500024 0.58358 2.05842e-005 
0.00147849 0.00151428 2.85706e-007 6.57692e-005 5.96599e-006 0.454988 0.901311 3.67281e-005 
0.00231904 3.12298e-005 0.00121288 0.000188778 0.585719 0.581674 0.583748 0.000103135 
2.86639e-007 8.49911e-005 3.00569e-006 0.588166 0.583459 9.30935e-006 0.587668 3.19862e-005 
0.696085 0.675936 0.117899 0.136339 0.105967 0.14551 0.13102 0.11069 
0.449833 0.00159768 0.90208 0.000253221 0.000105339 0.000188087 0.000221256 0.000520334 
0.00117221 1.48825e-006 1.01179 0.000145114 0.00035505 6.39783e-005 8.91315e-005 3.17446e-005 
1.77316e-005 0.000362398 8.56915e-005 0.456863 0.910973 0.000187448 0.000772732 0.000247652 
1.1085e-008 6.0778e-006 0.000137418 0.908588 0.000270555 9.15309e-006 0.451815 6.29352e-006 
6.26314e-005 4.70955e-007 0.585944 0.584431 0.000134727 0.586602 0.000202564 0.000165899 
0.000263814 0.586392 7.69868e-005 0.000475741 6.76968e-005 0.582217 0.587892 0.000565813 
2.7212e-006 0.00357271 0.452215 0.000122173 8.33398e-006 0.902529 2.95054e-005 0.000303823 
0.131267 0.678022 0.14391 0.687112 0.129023 0.125136 0.136111 0.102254 
0.91889 3.11625e-005 0.00037812 0.45708 5.63698e-006 4.72011e-005 0.000553701 0.00031193 
5.00635e-006 7.45217e-005 4.45062e-005 0.000163597 1.55449e-005 0.901879 0.44895 6.26917e-006 
0.911011 0.000326132 0.00236967 9.32008e-005 4.70836e-006 0.00143886 0.000177151 0.456299 
0.590592 0.000548383 0.00103596 0.580399 2.11217e-006 0.584934 0.000908564 0.000364635 
2.3438e-005 0.000506066 0.908582 0.453138 0.000200527 0.000759523 0.000152171 4.22923e-007 
0.000116057 0.594548 7.00431e-005 0.59335 1.76748e-005 0.59584 0.000904811 2.09641e-005 
0.584992 0.00179243 0.000664515 0.000166778 3.11028e-005 0.584959 0.000147233 0.583068 
1.01613 7.97063e-005 6.55126e-005 0.000246191 0.000488162 4.25117e-005 0.000162363 1.52999e-005 
2.03762e-006 3.07241e-007 6.39401e-005 1.01026 2.03026e-006 4.0969e-005 0.000197959 9.89926e-005 
0.00117406 0.594641 2.55656e-005 0.00152297 0.585602 0.00120628 0.58367 2.3007e-005 
0.000261563 0.588163 0.588229 0.00014491 0.000105461 0.000311853 0.580895 3.20551e-005 
1.17474e-005 0.90912 0.00142986 0.000887439 4.69442e-005 7.76586e-006 0.446683 6.99057e-005 
0.588568 0.00201978 0.579617 0.00276099 0.000504878 0.00198591 0.000103608 0.582209 
0.713017 0.060374 0.138511 0.101495 0.112088 0.0942639 0.143621 0.662127 
0.101037 0.103362 0.115608 0.174394 0.664275 0.131387 0.123219 0.690811 
0.000158247 2.65096e-006 0.582926 8.38982e-005 0.580576 0.00383403 0.583904 0.000513948 
0.585531 0.581844 5.26492e-005 0.000102084 2.79208e-005 0.581592 0.000899987 0.000375124 
0.00079565 0.459438 0.000478174 5.62161e-005 0.000278524 0.000689597 5.86372e-005 0.901098 
0.45493 0.902155 0.000215667 0.00058282 0.00035846 2.34326e-005 0.000179246 1.60127e-005 
6.44608e-005 0.000281721 0.000311927 0.000196635 0.455322 0.000126101 0.906169 1.22327e-005 
0.670854 0.0790552 0.157284 0.144572 0.139627 0.11448 0.686631 0.129055 
0.598915 0.000894475 0.000192151 2.32896e-005 8.799e-005 0.594071 0.592623 0.000294537 
8.37846e-006 0.000199976 0.45498 0.00043213 0.00037656 0.00012512 0.905558 1.43443e-005 
8.03139e-005 0.000375448 6.68785e-006 0.00115779 0.91123 0.000319044 0.456865 3.37105e-006 
0.111801 0.687864 0.154084 0.138528 0.14764 0.119633 0.664824 0.12698 
0.905942 4.16263e-005 0.45091 0.000983554 4.9646e-006 5.63973e-006 0.000236859 0.000205208 
0.00139175 0.588437 0.00059388 0.582822 0.584084 0.000105067 4.45433e-005 0.00127283 
0.000339204 0.45593 0.000135912 0.000111722 6.58522e-005 2.30641e-005 0.899544 1.11676e-005 
0.101377 0.0995113 0.125311 0.179619 0.68189 0.132163 0.684568 0.109096 
0.131394 0.130041 0.674857 0.137742 0.12972 0.092812 0.688192 0.158302 
1.01507e-005 0.000256122 0.585001 7.21216e-005 0.58422 2.8128e-006 7.78751e-005 0.584892 
0.588467 3.58966e-005 0.00134501 5.07356e-005 0.578461 0.587651 0.000223417 4.24996e-005 
0.0003207 0.908508 8.77053e-005 7.81886e-005 1.40974e-005 0.456308 5.16348e-005 4.12102e-005 
0.677365 0.0764937 0.125493 0.100739 0.10864 0.687233 0.14195 0.161085 
0.106526 0.108039 0.0999562 0.0808321 0.100803 0.101998 0.107846 0.972958 
0.103015 0.104496 0.119307 0.976073 0.115625 0.100367 0.132811 0.117942 
0.587637 0.586159 0.000484319 0.0007544 0.585489 5.63883e-006 1.09751e-005 0.00206628 
0.136666 0.137234 0.68286 0.679387 0.136905 0.133805 0.14065 0.131081 
0.904604 0.451356 0.000218751 0.00027227 3.01488e-005 0.000102481 0.000106763 4.51406e-005 
1.63668e-006 0.000133323 1.00022e-008 0.450958 7.34313e-005 0.000440045 9.37293e-005 0.905848 
0.908554 0.00253713 5.8577e-005 0.000222124 0.454725 4.25061e-005 0.000162342 1.52979e-005 
6.36826e-006 0.000151018 0.904745 0.000193688 3.47667e-005 1.36515e-005 0.448959 0.000525552 
2.35378e-005 0.000224173 3.70273e-006 2.14111e-007 0.902357 5.01072e-006 0.000120026 0.451949 
0.125697 0.683704 0.135518 0.143421 0.671817 0.138565 0.136313 0.122455 
0.000298174 0.587318 0.000603619 0.000278309 1.18206e-005 0.588657 0.000341876 0.585682 
0.118687 0.142571 0.668868 0.166712 0.675409 0.137727 0.13203 0.134666 
0.08944 0.0899239 0.966964 0.10488 0.114119 0.118925 0.114825 0.114041 
0.96293 0.105199 0.112779 0.117768 0.104566 0.122518 0.13225 0.110474 
0.588226 3.1154e-005 0.000300996 2.33668e-005 3.45762e-006 0.000357383 0.580619 0.585815 
0.140568 0.129402 0.156005 0.683718 0.119284 0.13063 0.114194 0.685512 
0.0033061 0.593161 0.00114106 0.580985 4.42225e-005 1.8212e-005 0.578693 0.000269705 
0.000341596 0.454033 0.00048829 1.21294e-005 0.902427 0.000104489 0.000126474 1.09232e-006 
0.000231205 5.34482e-005 5.42277e-005 0.585794 1.12488e-006 0.580843 0.580772 1.91935e-005 
5.99358e-008 6.13816e-008 2.97807e-005 5.92696e-007 3.88312e-007 0.900681 5.60172e-005 0.450718 
0.00114486 0.908829 0.000128227 0.000737249 0.451324 0.00050107 0.00138131 4.10788e-005 
0.000253031 1.41194e-005 4.9976e-005 6.79987e-006 0.584125 0.584066 0.000149754 0.581828 
0.000315489 0.452498 4.36832e-005 3.89432e-005 1.00345e-005 0.903047 0.000236903 4.09431e-005 
0.000758613 0.000728941 0.000206205 0.44921 0.000551237 0.906261 0.000740192 0.000324486 
0.000291412 9.30405e-006 4.02684e-006 0.584265 0.000104304 0.000185641 0.581614 0.584356 
0.705452 0.0823142 0.138661 0.657611 0.123393 0.130568 0.149773 0.129443 
0.0918131 0.090313 0.0895717 0.0722857 0.0925611 0.119904 0.70132 0.688887 
0.114647 0.115907 0.121093 0.0768818 0.102663 0.111256 0.972815 0.109832 
8.71943e-005 1.77411e-005 0.583298 0.584005 0.000967914 0.000806854 0.000174994 0.584743 
2.81329e-005 0.908813 0.00011781 0.00113996 9.21284e-005 0.000110605 0.000813634 0.448533 
8.37713e-005 8.34624e-005 5.25388e-007 2.81915e-006 3.59155e-007 1.01092 1.03403e-007 9.15954e-006 
0.150322 0.147684 0.157805 0.142092 0.150606 0.660089 0.113904 0.682032 
0.131583 0.12704 0.693291 0.138012 0.121785 0.124363 0.11309 0.672768 
0.592373 1.69943e-006 0.587805 9.94366e-005 0.000106149 9.01175e-005 0.582771 1.60441e-005 
0.00268712 0.912132 0.451601 0.000267384 0.000107656 2.84784e-006 0.00105948 1.86794e-005 
0.134918 0.135873 0.129778 0.675636 0.675486 0.136044 0.129791 0.133325 
0.135052 0.123447 0.675164 0.133515 0.112544 0.6742 0.145048 0.161109 
0.000484809 4.76178e-006 2.66041e-006 3.66442e-006 4.73673e-007 7.40658e-007 0.44884 0.905258 
0.588278 0.589389 0.000175972 2.2721e-005 0.000439341 0.000527113 0.573155 0.000270025 

