0.597016 0.000543923 0.000148234 0.00556759 0.595557 0.00236634 0.577311 0.000150833 
0.5889 0.00368083 0.000130652 0.593896 0.604456 0.000397136 1.10643e-005 0.000113551 
2.78368e-005 0.000408608 0.610026 0.000189096 0.607445 1.352e-005 3.49053e-005 0.604954 
2.56192e-005 4.80955e-006 1.04608 6.86318e-006 0.000227695 0.000210264 2.30937e-006 0.000183903 
0.0865053 0.0923989 0.104885 0.722945 0.666135 0.136566 0.117441 0.123239 
0.000622436 0.603099 0.60342 0.000599141 6.32088e-005 0.00117154 0.00066387 0.596792 
0.000115953 0.944974 0.000233877 0.00125858 0.473741 5.86314e-005 0.000124393 1.48262e-005 
8.60888e-006 1.73056e-007 1.15199e-007 0.469561 0.93549 9.15612e-007 4.1472e-005 8.63084e-005 
0.128277 0.694638 0.152868 0.13476 0.135248 0.69983 0.164521 0.144377 
0.105253 0.107768 0.148514 0.998613 0.154867 0.114804 0.122593 0.0901478 
0.000341082 0.475163 3.21156e-005 5.70443e-007 0.940851 9.99068e-005 8.45497e-006 8.36835e-005 
0.128798 0.721961 0.134746 0.121334 0.132352 0.146521 0.68 0.120647 
0.000597737 0.000358903 0.475828 0.000259005 8.14903e-005 0.932958 9.90318e-005 6.20632e-005 
0.609291 0.607378 0.00532307 0.00016523 0.000507055 0.00325564 4.06871e-005 0.59483 
0.143812 0.711043 0.133356 0.137569 0.691712 0.124479 0.134051 0.132339 
0.00233509 0.609662 3.89941e-005 5.47443e-005 0.00145241 0.598668 3.26147e-005 0.600542 
0.00931662 0.946538 0.000763041 0.000552288 4.75672e-005 0.0038936 0.453203 6.6052e-005 
0.675734 0.142039 0.136698 0.136623 0.154205 0.687226 0.138508 0.134211 
4.55428e-005 0.000690826 0.936801 0.470325 7.73636e-005 2.41788e-005 2.02005e-005 0.000185975 
0.00175048 0.608193 0.608195 0.00128135 1.00557e-005 0.595414 0.000138462 0.000147924 
0.00344384 0.00459641 0.000337541 0.00374252 0.921473 0.000199152 0.451425 7.28084e-005 
0.936387 0.464546 0.000978512 0.00137911 1.30833e-005 0.000363498 0.000125421 6.16188e-005 
2.46471e-010 9.65895e-008 9.47853e-008 2.14771e-008 8.71852e-011 1.91101e-008 1.02153 8.14532e-008 
0.464201 0.000360383 0.934832 0.000163866 5.7702e-005 0.000212812 4.51629e-005 2.23595e-005 
0.931946 0.000251425 0.000787577 0.467961 0.000147975 0.000187664 4.37543e-005 2.29507e-005 
2.27271e-006 5.43651e-007 8.09048e-005 0.603278 6.45986e-005 6.26303e-006 0.599614 0.605537 
9.02879e-005 8.82799e-005 1.48145e-005 0.477913 8.06164e-006 5.58792e-006 0.932435 2.98336e-005 
0.000237205 1.38821e-005 1.16944e-005 3.86712e-005 0.60454 0.605652 3.26798e-005 0.602189 
0.61028 0.000519532 0.00366316 0.000322815 0.606596 0.597608 5.6887e-005 0.00015368 
0.691043 0.145464 0.124474 0.130766 0.138436 0.160733 0.701981 0.151499 
1.09322e-006 8.92175e-006 1.26141e-007 5.8677e-008 2.04868e-007 8.78811e-006 0.451935 0.922452 
0.133639 0.724046 0.135281 0.121817 0.134516 0.147158 0.101123 0.69008 
0.600712 0.614615 8.50979e-005 0.00082772 0.000266692 0.591526 9.49144e-005 7.91924e-005 
0.110954 0.112493 1.00603 0.123525 0.108692 0.115211 0.114483 0.113686 
0.136787 0.136192 0.130485 0.689703 0.145134 0.675069 0.153403 0.123218 
0.606379 0.00674434 0.00875631 0.00213339 6.07928e-005 6.60748e-006 0.598837 0.606769 
1.0451 0.000352344 9.76336e-005 0.000367638 9.91401e-005 0.000433205 3.93525e-005 6.46658e-005 
5.38005e-007 1.70293e-010 1.42513e-008 5.84825e-007 0.458956 7.67654e-006 0.000100078 0.911936 
0.0999747 0.116876 0.107805 0.1029 0.977348 0.130741 0.122293 0.105102 
0.994218 0.109052 0.141028 0.11424 0.101452 0.109043 0.142962 0.125901 
0.00145075 2.88186e-005 0.597503 0.590162 0.589859 0.000201715 0.00102059 5.12284e-008 
0.000608936 0.609067 7.3979e-005 0.00217869 6.10522e-005 5.32217e-006 0.596208 0.606771 
0.132039 0.140185 0.68699 0.133386 0.137952 0.696355 0.00290897 0.144893 
0.000411665 0.00383258 0.607774 0.613547 0.000257516 0.000176087 0.596643 2.24867e-005 
0.473757 0.000397213 3.49563e-005 0.000604271 4.90463e-005 0.935532 0.000379315 0.000180123 
8.18854e-005 0.00308222 0.000566942 0.000389366 0.0015656 0.590998 0.587316 0.596676 
0.609141 0.00331341 0.608879 0.000487941 0.00327234 0.000235027 0.595929 2.40908e-005 
0.593419 0.000187221 6.42309e-006 0.608075 8.05992e-005 0.000352157 0.581538 0.00105428 
0.000730862 0.000767193 0.601349 0.610555 6.66236e-006 0.00171994 0.000270087 0.597263 
0.608277 0.000526514 0.000707165 0.0012184 8.59587e-005 0.610127 3.0129e-005 0.60469 
2.03572e-009 7.54137e-008 3.92012e-006 1.51418e-009 9.07614e-006 1.37016e-008 0.911422 0.467271 
0.93854 0.000164806 0.468421 0.000660469 0.000119898 0.000501375 0.000629796 0.000157537 
0.00145263 0.0170946 1.5063e-005 9.07833e-006 0.597425 0.00383947 0.603097 0.608066 
0.00121462 0.600306 0.613429 0.602992 0.0043838 0.000219548 0.000125265 0.00326263 
0.915077 0.000308509 0.000206146 0.000349801 0.456584 0.000348623 3.99885e-005 2.80946e-006 
0.000200318 0.00919946 0.0109216 7.86266e-006 0.000333851 0.937442 0.46594 0.0021121 
0.148946 0.707247 0.694833 0.149099 0.148093 0.132053 0.132435 0.136444 
0.681451 0.161519 0.138129 0.684686 0.129642 0.124361 0.13851 0.13384 
0.000280834 0.601769 0.000234319 0.610664 0.604281 0.000203387 0.000388717 0.00142879 
0.00551664 0.000290851 5.38521e-006 0.593726 0.00382982 0.591291 0.589811 0.00469686 
0.00226618 0.00012607 0.920756 0.000196356 0.000145809 0.000150632 0.445859 0.00017918 
1.36713e-005 1.42812e-005 1.94644e-005 0.94006 0.00474852 6.38978e-006 0.000150288 0.459102 
3.10362e-006 1.68126e-005 3.66008e-008 1.16328e-007 5.22687e-008 0.46038 0.914247 0.000125478 
0.604395 0.000796177 0.611774 0.000653184 0.00087209 0.599327 1.16259e-005 0.00207722 
0.000457141 0.605452 0.00922678 0.000563382 0.602499 2.4854e-005 0.599936 8.14041e-005 
0.000377219 1.04642 0.000100297 0.000153808 9.15612e-005 5.90071e-006 9.68896e-005 3.46659e-005 
0.459862 0.939956 0.00053831 0.00136547 0.00438356 0.000121095 9.0528e-006 0.000208504 
9.34062e-005 0.0013747 0.605604 0.603014 0.00178016 0.593548 5.65005e-005 0.000179266 
0.000256132 0.00289013 0.61244 0.00221287 0.000203532 8.60975e-005 0.602941 0.610459 
0.14234 0.153163 0.120181 0.134906 0.15421 0.703764 0.70061 0.147897 
9.08842e-007 1.98854e-005 2.45703e-005 1.12878e-005 5.23215e-006 0.915026 4.90502e-005 0.4581 
5.2926e-005 0.000807289 0.472286 0.000161675 4.47843e-005 0.000200206 0.930876 5.52402e-005 
0.000610202 0.591246 0.59156 0.000587365 6.19664e-005 0.00114852 0.582979 0.00732757 
0.125525 0.128135 0.171324 0.175962 0.685381 0.154602 0.698835 0.126509 
7.59439e-008 3.74995e-005 1.52931e-007 2.25143e-006 6.14668e-006 1.02504 4.43068e-006 2.09643e-006 
0.690688 0.109916 0.679781 0.143938 0.156608 0.130769 0.131597 0.133938 
0.000110789 0.459006 0.000643697 0.914184 0.000249538 0.000490172 7.54463e-006 2.88247e-005 
0.703682 0.113987 0.155058 0.111136 0.117223 0.0978822 0.121098 0.686147 
0.139869 0.706923 0.141552 0.704422 0.133378 0.127801 0.141804 0.0913056 
0.698066 0.707544 0.13389 0.136135 0.128388 0.121554 0.142477 0.12011 
0.453596 0.000782307 1.74552e-005 0.00133492 3.30105e-005 4.47096e-005 0.000229137 0.909222 
0.120945 0.124216 0.122065 0.691787 0.13435 0.00130863 0.14389 0.698185 
2.79874e-006 3.23003e-005 4.88221e-006 0.936948 0.000245642 0.460552 5.81141e-005 0.000146542 
0.124548 0.128457 0.696856 0.139834 0.129051 0.101342 0.117651 0.713621 
0.000420233 0.00171557 2.95362e-005 0.603649 0.601056 0.000252166 6.53179e-005 0.597205 
0.10373 0.0997594 0.08829 0.124557 0.710522 0.707369 0.160876 0.125621 
0.152218 0.154993 0.122687 0.149752 0.693162 0.156388 0.0953853 0.716425 
0.939302 0.00196571 0.000793795 0.000509727 0.000650066 0.00160986 0.464003 2.17254e-005 
0.591898 0.000203198 0.00242628 5.90536e-006 0.590945 0.000158661 1.93275e-005 0.58785 
0.935882 0.000866538 0.000183161 8.58167e-006 9.47978e-005 0.462896 2.85758e-005 2.69476e-005 
0.000211082 7.86257e-007 7.57662e-008 1.19278e-005 0.464122 0.910166 3.1834e-005 1.56568e-005 
0.000794553 0.94074 0.469196 0.00044719 0.000241994 0.000513439 3.97857e-005 3.02845e-005 
3.68958e-005 6.22929e-008 0.607949 0.000513622 0.000132329 0.598961 0.601782 0.000183584 
0.00232537 0.607124 3.88317e-005 6.05726e-006 0.602243 1.26602e-006 3.26415e-005 0.601036 
2.29245e-005 4.30366e-006 0.936051 0.000340909 0.466744 0.000210241 2.24577e-006 8.82032e-005 
3.44736e-005 0.000311338 1.36687e-006 0.933561 0.462663 3.34837e-006 2.50546e-005 8.60613e-005 
0.601235 0.00280225 0.603297 0.000482537 0.602573 0.000110498 0.00113949 0.000357265 
0.000273766 0.611334 0.00038403 0.00031435 0.603211 0.600582 0.000376945 5.87773e-005 
1.71061e-008 1.48727e-007 0.00114614 0.606572 0.603171 0.599534 8.60039e-005 0.000150641 
0.144458 0.14412 0.120423 0.134576 0.152122 0.69028 0.134721 0.70805 
0.000609688 0.615277 0.00216726 0.610302 0.000839833 1.43611e-005 6.67679e-005 0.606031 
0.118776 0.122931 0.708894 0.699448 0.132437 0.127362 0.14533 0.134275 
0.592417 0.00198002 0.000133432 0.00399599 0.00382132 0.589978 0.588502 0.00313167 
0.000114736 0.00181632 2.02727e-005 9.39222e-007 0.462839 9.77357e-005 0.912261 2.54268e-005 
0.000135913 0.000912658 0.93819 8.15358e-005 8.60358e-005 2.3267e-005 0.000152803 0.461843 
0.126095 0.136681 0.692384 0.138983 0.689429 0.00190002 0.138186 0.126627 
1.65969e-005 0.000106379 0.942466 0.000677975 8.24917e-005 0.463132 6.1999e-005 0.000191719 
0.142259 0.158721 0.719108 0.133022 0.132964 0.120222 0.695206 0.130984 
0.0245317 0.60095 0.000133524 0.606541 0.00429562 0.000328733 0.608403 0.000115397 
0.116551 0.117 0.146128 0.125569 0.147514 0.14189 0.696304 0.715654 
0.000252009 0.91898 0.00111539 0.461378 7.5892e-005 2.37188e-005 0.000379336 0.000180237 
0.115518 0.0808009 0.12491 0.121785 0.121922 0.123431 0.115489 0.998224 
0.607053 0.000225728 0.607861 0.000717292 0.000152857 0.000140137 0.000435919 0.600234 
0.111457 0.126512 0.125309 0.703571 0.14379 0.161679 0.703569 0.131288 
0.000114049 0.00169453 0.472131 0.93138 0.000180847 0.000205247 2.74647e-005 3.70569e-006 
0.115084 0.121848 0.111948 0.114533 0.129419 0.996832 0.127747 0.125986 
0.00371246 0.935173 0.000155172 0.0004518 8.13407e-005 2.67886e-005 3.63121e-005 0.459827 
0.000692243 0.936551 0.000184573 0.000937425 0.000299385 0.463804 0.00038724 0.000151348 
8.46485e-006 7.92948e-005 0.610521 0.00220319 0.607134 0.609192 8.68385e-005 0.000154297 
5.49842e-005 1.9978e-006 0.460005 0.000143448 0.000165833 0.000229638 2.0019e-005 0.914203 
0.00174033 0.604667 0.604669 0.00127392 0.596724 0.000400233 3.14325e-005 0.000119123 
0.00654919 0.596811 0.0012236 0.594294 0.00175442 0.584965 5.56835e-005 2.20243e-005 
1.4968e-005 0.000132585 0.000137656 0.467095 5.0829e-005 0.93199 7.97704e-005 9.46114e-006 
2.02686e-005 7.76488e-005 0.00155177 0.610333 0.000131506 0.599779 2.93051e-005 0.601721 
1.31248e-007 1.60169e-005 7.51019e-007 2.43247e-006 0.914946 0.453699 3.54751e-005 1.74012e-005 
3.33292e-008 4.52194e-005 9.22937e-007 6.02554e-008 8.31092e-006 0.461929 6.62967e-005 0.912368 
0.120134 0.0645643 0.131 0.104015 0.0861749 0.125344 1.00385 0.119742 
0.000630582 0.000715897 0.00186002 4.38673e-006 0.609698 0.600694 0.596241 0.00390971 
2.71526e-005 0.456731 0.000119758 0.000245791 0.00102284 0.000134099 9.97653e-006 0.913046 
0.457133 0.00165618 9.36073e-005 0.000447047 0.910733 0.000345423 3.81626e-005 1.97236e-005 
3.88691e-005 0.000237089 0.000236812 0.92072 0.00384021 0.00010603 0.444946 0.000158189 
3.91334e-005 0.000594383 0.605052 1.44932e-005 0.00116187 0.600992 0.000144059 0.608286 
4.36098e-008 1.01929e-009 9.62803e-006 7.48702e-006 0.917858 1.27511e-007 0.00126973 0.44661 
0.604785 0.609111 0.00180112 2.95366e-005 0.599923 0.000429692 0.00199625 1.13614e-005 
0.457498 0.00248806 2.92385e-005 0.913963 0.000220684 0.000404982 3.90145e-005 0.00196399 
0.9317 0.000136067 0.000213449 0.000985301 8.22686e-005 2.13366e-005 0.000103563 0.461835 
0.600113 0.000450237 0.61323 0.602797 4.01171e-005 0.000222776 0.000127082 0.00326155 
0.472794 0.00153662 0.000142985 0.000267698 9.36955e-005 0.000198147 0.931627 6.47613e-005 
0.000157927 0.473852 0.000143304 0.000263931 0.000101022 8.51527e-006 0.933707 6.4906e-005 
0.592305 0.000170968 0.000458361 0.610647 0.000585039 0.00144891 3.78781e-005 0.609151 
0.592769 0.616463 0.608836 0.00181596 0.0052349 0.00451069 0.000168712 8.31561e-005 
0.587073 0.611569 4.48194e-005 0.000306209 0.000817469 0.0019424 0.58414 0.000148129 
6.57971e-008 1.99291e-009 1.15595e-005 7.6344e-006 1.04253 1.4483e-007 3.36427e-005 1.45395e-006 
0.0044248 0.612524 0.000124723 0.00177078 0.000275241 0.600224 0.605052 0.000118682 
8.23725e-007 0.000155111 6.13075e-007 0.460801 0.000199275 2.99283e-006 1.72522e-005 0.908526 
6.48045e-005 0.00080266 0.597055 0.000925783 0.61893 0.000107538 0.594563 2.2397e-005 
0.0844285 0.998137 0.150705 0.122931 0.104571 0.105593 0.125471 0.108489 
0.702133 0.142294 0.126236 0.112989 0.699599 0.144111 0.147151 0.141805 
0.609391 0.000511484 4.4554e-005 0.606783 0.00588285 0.59727 5.66093e-005 0.000180363 
0.00211305 0.466407 0.937811 0.000162248 0.000129111 0.00181028 0.000545848 0.000152398 
0.000215474 0.474971 0.00285829 0.000235073 0.000654258 0.931295 0.000379694 3.96216e-005 
3.74964e-011 1.27164e-009 3.3277e-012 2.7709e-008 6.35028e-012 1.04558e-010 1.075e-012 1.02538 
0.000347196 7.57588e-005 1.02902e-005 1.04976 0.000107069 1.9533e-006 4.11954e-005 7.95436e-005 
1.13302e-005 0.000178091 0.000181609 0.596093 0.594611 0.000101144 0.57678 0.00015203 
0.604624 0.603052 5.70309e-005 0.61435 7.32964e-005 0.000284159 5.25014e-005 0.000191811 
0.000174064 2.945e-006 0.46033 0.000224966 0.918448 0.000210562 2.70906e-005 8.86634e-005 

