0.123515 0.125535 0.150317 0.128414 0.680071 0.132804 0.686386 0.127527 
0.00223369 4.66318e-005 0.929108 0.00103349 0.000225378 0.456899 1.0918e-005 0.00069865 
0.598252 0.00116163 0.593635 0.00113427 2.43479e-005 0.000171461 4.8713e-006 0.591233 
0.00113286 0.920427 3.90327e-005 4.7136e-005 0.455645 0.00049206 0.000388756 0.000442693 
0.59816 4.75819e-005 0.0012069 0.00296203 0.000355089 0.591811 0.000853521 0.587287 
2.08556e-008 2.34877e-010 1.75771e-008 1.04623e-011 9.5877e-010 4.68831e-010 2.98519e-010 1.01879 
0.00088816 0.597062 0.000384578 0.000904551 0.000170311 3.49505e-005 0.593671 0.587522 
0.00112902 0.469029 0.000220782 6.37607e-005 0.00110897 0.915827 0.000161112 0.000138641 
1.61199e-006 0.000428451 1.6857e-005 3.39116e-006 9.40119e-005 0.453725 1.19898e-005 0.919244 
0.708723 0.138909 0.11841 0.132543 0.126837 0.132789 0.66577 0.143543 
0.131446 0.137609 0.162329 0.0903132 0.694508 0.135332 0.13189 0.680762 
5.73796e-006 0.000799726 0.60984 3.94011e-005 0.607594 0.000922278 0.000293438 0.603021 
0.921195 0.00118247 0.462501 0.000234544 0.000295391 9.63805e-005 0.000394808 5.01792e-005 
0.697279 0.145503 0.133663 0.1356 0.113367 0.118189 0.120029 0.686821 
0.00224679 0.922146 8.17615e-005 0.00127334 0.000105806 0.453675 5.87951e-005 0.00201476 
0.15476 0.166502 0.156704 0.0708543 0.175531 0.0745198 0.68647 0.6874 
0.605255 0.602147 0.000278187 0.000331441 1.85062e-005 0.000169499 3.98091e-006 0.600245 
3.79482e-005 1.04219e-005 0.465841 0.000108352 0.00026897 6.99534e-005 8.73986e-006 0.91407 
0.603152 0.00096154 0.000110614 0.598224 0.000322384 0.000414421 7.2255e-005 0.594732 
0.597506 0.00103384 0.00174261 0.000227669 0.592086 0.595167 0.000250438 7.25559e-005 
0.462516 0.917333 0.00287603 0.0018936 0.000641026 4.28171e-005 0.000510969 0.000256527 
1.44297e-005 8.35515e-008 0.464646 0.000108816 4.04955e-005 1.13402e-005 0.9222 6.51627e-005 
0.593876 0.000530662 0.602075 0.00121125 0.595862 0.00033245 0.000684549 6.47853e-006 
0.686393 0.682724 0.133087 0.138838 0.155236 0.114883 0.138881 0.145093 
4.7226e-008 3.36967e-005 3.92759e-008 1.20809e-006 1.41253e-006 0.457306 0.916856 8.11745e-005 
0.141801 0.673875 0.689766 0.113191 0.150131 0.126497 0.160639 0.127868 
1.02823 0.000115206 0.000869053 0.0013894 2.80179e-005 3.18832e-005 3.15847e-005 4.28882e-006 
5.44449e-006 5.08753e-006 1.02339 0.000196495 0.000330717 1.42711e-006 5.06453e-005 4.24616e-006 
0.460662 0.000653255 0.000177687 0.916848 4.29395e-005 6.98446e-005 0.000144933 0.000116235 
0.000593853 0.462265 0.9214 0.000368523 6.83365e-005 0.000105618 0.000413209 2.42984e-005 
0.00189927 8.15349e-005 8.01298e-007 0.463283 5.30231e-005 0.000502888 0.919504 1.14716e-007 
0.000329606 0.462896 0.000341144 8.6184e-005 0.000111995 0.00024392 6.48143e-008 0.91117 
0.153099 0.143619 0.130613 0.139982 0.704981 0.681965 0.12068 0.145806 
5.61924e-007 7.78518e-005 0.465579 0.000103856 0.92448 1.62539e-005 0.000377679 4.51595e-005 
2.10855e-005 0.000174604 3.87555e-005 1.03054 2.80606e-005 4.63028e-005 5.26832e-005 2.60931e-005 
0.0823979 0.0806335 0.693936 0.118209 0.703533 0.14417 0.13394 0.123333 
0.0014221 0.46686 0.000624591 0.00160506 8.52552e-006 7.43652e-005 0.914588 0.000545384 
0.592272 0.599184 0.000704458 0.00110549 0.000268918 0.000186953 0.589329 3.73303e-005 
0.00145342 0.595141 0.00154744 0.000237048 0.588494 0.59008 5.18589e-005 0.000430349 
0.91938 0.459449 0.00269808 0.000338739 4.2829e-005 4.43059e-005 5.3708e-005 0.000130158 
0.595502 0.000659123 0.593762 3.21769e-005 0.000224166 0.000133008 0.590762 0.000442984 
3.13434e-005 0.00178527 0.456812 0.920241 0.000250044 0.000343495 0.000104599 0.00173174 
0.0008497 1.04796e-006 0.598652 0.000400836 2.06178e-005 0.589274 0.593115 5.176e-005 
0.116066 0.127716 0.171598 0.676414 0.702416 0.128019 0.105915 0.141082 
6.55442e-006 0.000360715 0.601032 0.000166439 0.592184 0.001308 0.584329 0.000216025 
0.918552 0.0020086 0.000678724 0.000368779 2.91899e-005 0.00180751 0.00010587 0.453382 
0.116588 0.70449 0.0947301 0.131974 0.115445 0.136559 0.122985 0.680109 
0.920745 8.36162e-005 0.000319029 0.000367155 0.457375 0.00033743 0.000111463 5.4215e-005 
0.596644 0.00170376 0.605129 0.00112676 2.84591e-005 0.593446 0.000123889 0.000505784 
0.16261 0.700538 0.134155 0.125638 0.132563 0.123497 0.673466 0.144232 
0.681655 0.123477 0.693889 0.138933 0.145957 0.144865 0.160607 0.147205 
0.00250603 0.92249 0.000684533 0.457446 0.00026666 0.000201137 1.14119e-007 0.000157109 
0.000879916 0.599202 0.000233648 0.600738 2.89961e-005 5.6067e-005 0.58984 0.000108555 
0.995061 0.00125679 1.98303 0.000805973 7.31524e-005 0.000594411 0.000296369 4.41065e-005 
0.00126566 1.02832 0.000875382 5.26614e-005 0.000918948 0.000492678 3.63651e-005 0.000443249 
3.97722e-006 0.000164219 0.918705 0.000192086 0.459286 0.000481255 0.0001422 0.000212936 
0.00020458 0.000181815 0.918759 0.000217106 0.00117221 0.000285331 0.467245 1.91145e-005 
0.000983025 0.599752 0.000901524 0.00127735 6.60522e-005 0.591584 0.583112 2.98791e-005 
0.0894699 0.102148 0.135983 0.134916 0.140845 0.687645 0.694986 0.142393 
0.140244 0.130596 0.707003 0.136761 0.120705 0.145516 0.136681 0.67612 
0.00107699 0.0010298 0.0013567 2.81352e-006 0.000228949 0.909861 0.000126929 0.460206 
8.56928e-005 9.34438e-005 1.35423e-006 8.14387e-007 0.460443 0.910023 1.78642e-006 2.73667e-005 
0.920921 0.00183435 5.16452e-006 0.00125115 0.00285888 0.000511495 0.45789 0.000114158 
0.669274 0.17571 0.128348 0.128557 0.69218 0.134458 0.125005 0.154077 
6.23961e-008 4.88018e-005 0.598091 0.00359977 0.000158613 0.593686 0.000100016 0.591151 
0.599041 0.00755354 0.00701492 0.00149964 0.000156261 3.91579e-005 0.593179 0.587347 
2.6093e-008 1.78212e-011 2.64122e-008 3.67706e-011 1.01724e-010 1.01987 1.52978e-005 1.13196e-005 
0.468956 0.000116638 0.000678228 8.61371e-005 0.000302743 0.91475 0.000261144 0.000513457 
0.129571 0.144781 0.691784 0.679146 0.133195 0.150975 0.1268 0.141509 
0.00091383 0.603628 0.0006838 0.594981 0.598247 1.15068e-005 0.000642363 0.000139651 
2.24655e-007 3.51901e-006 1.56336e-007 1.00582e-009 2.88258e-008 2.36207e-009 1.02337 6.37434e-008 
0.463726 5.49197e-005 0.000779307 1.91337e-005 0.924128 3.18427e-005 0.000109652 7.56531e-006 
6.37621e-005 0.5982 0.594401 0.59306 0.000335716 3.53404e-005 0.000116208 3.4987e-005 
0.00242072 7.98198e-005 7.06869e-006 0.594858 0.000140285 0.588541 0.000392983 0.586616 
0.115449 0.112597 0.144806 0.709267 0.162574 0.15053 0.101617 0.668658 
0.127437 0.136029 0.708909 0.1305 0.135993 0.153469 0.65858 0.131458 
0.000956128 0.458842 0.000246746 0.91635 0.000102506 3.1758e-005 0.000783724 5.15252e-006 
0.000198198 6.18374e-005 0.595553 0.594275 2.60604e-005 0.593512 0.00154957 1.4541e-005 
1.02925e-005 2.04843e-005 0.00291177 6.55861e-006 0.597229 0.000196175 0.594068 0.590779 
0.000154483 0.0015806 0.000609468 4.35791e-006 5.68102e-005 2.04855e-006 0.456842 0.913917 
0.152239 0.964601 0.119593 0.15355 0.138912 0.126165 0.094409 0.0881253 
1.43294e-005 0.000288456 0.00393509 0.00012566 3.01792e-006 0.923408 0.461732 1.139e-005 
0.133142 0.686284 0.135491 0.124308 0.138712 0.685793 0.138909 0.152921 
0.00141182 0.588436 0.590065 0.000112646 0.587404 0.00153793 0.000670197 0.000294995 
1.2319e-005 0.000567861 0.000192747 0.460559 1.42637e-005 0.918159 5.01622e-005 1.65554e-005 
0.592989 0.595395 0.00121223 0.000320059 0.000267956 0.585956 6.19635e-005 0.000113176 
8.35358e-008 2.09344e-006 0.595838 0.000227035 0.590635 0.59629 5.03933e-005 7.24748e-005 
3.15651e-006 4.4949e-008 1.79847e-008 8.21812e-009 5.08009e-008 4.90548e-008 0.915495 0.45665 
0.464333 8.25151e-005 0.000342203 8.64516e-005 0.000112589 0.000765618 1.47976e-017 0.914 
0.112184 0.10822 0.0966313 0.135841 0.117443 0.142242 0.0413882 0.998544 
0.116974 0.11709 0.102174 0.160911 0.114512 0.136134 0.982266 0.105232 
0.00108504 0.600215 0.00533139 0.000148005 0.591733 0.00195244 0.587769 0.000114252 
0.127418 0.671028 0.140611 0.701825 0.145297 0.126394 0.123465 0.128315 
5.13893e-007 0.00021697 5.7904e-006 0.000713272 0.914424 0.000307859 2.76855e-006 0.452373 
0.923105 0.000273814 0.000530075 0.460055 3.39664e-005 0.000845809 5.19924e-005 0.000454122 
0.00199536 1.81139e-005 0.000170135 0.000195306 0.600072 0.594278 0.00283092 0.589447 
0.595278 0.00115147 0.00229804 0.594735 0.596842 2.13402e-005 0.000124139 0.000116281 
0.596766 0.000182338 0.595897 0.593087 4.34019e-005 0.000203959 0.00043019 0.000423851 
0.595504 0.00263095 0.000181443 0.000230726 0.585192 0.00154897 0.581766 2.33099e-005 
0.987764 0.130461 0.061774 0.120733 0.0787569 0.139498 0.102373 0.144087 
5.03736e-007 2.29415e-011 4.99383e-006 1.37844e-005 0.464 3.12977e-005 5.6242e-005 0.916555 
0.000182832 0.973156 0.484579 0.000359875 2.95516e-005 0.000676925 9.19499e-005 0.000122917 
1.27048e-005 9.97381e-005 2.38994e-005 2.38434e-005 0.464156 2.70486e-005 0.909773 3.65836e-006 
0.00175021 1.84428e-005 1.36396e-005 0.597667 0.591122 0.586193 0.000122862 0.000431072 
0.000245194 7.23444e-006 0.599193 0.594284 0.595054 0.00156256 0.000284164 0.000298778 
9.46666e-005 0.59473 0.00280874 0.589876 9.61026e-005 1.80261e-005 5.35693e-005 0.584635 
0.126896 0.132771 0.700976 0.133435 0.130963 0.674182 0.12314 0.141086 
9.93957e-006 6.92871e-009 5.05662e-006 0.000104726 0.597669 0.593187 0.59307 0.000107645 
0.000665536 0.925538 0.00211361 0.000168372 4.35156e-005 0.00027283 6.22371e-005 0.450916 
0.598667 0.000309452 0.000466355 0.60048 2.6337e-005 0.000128229 0.587714 0.000162657 
0.0067774 0.599348 0.000395354 2.88938e-005 0.59344 5.07715e-005 2.66489e-005 0.587275 
0.596747 0.000580848 0.000109977 0.598206 0.000718849 0.592549 3.42369e-005 0.00164124 
0.00251483 0.600365 7.94987e-005 0.601094 0.000228009 0.594281 1.12853e-006 0.000794655 
0.000632145 0.000100651 1.03254e-005 0.000138618 2.86162e-006 0.607323 0.607959 0.605295 
0.924238 0.000585755 0.000351209 0.000242159 2.14712e-005 0.454682 3.04164e-005 7.95557e-005 
6.22237e-006 0.000474186 0.921798 0.000345504 0.00110228 0.000145339 0.000141367 0.455352 
0.66943 0.148151 0.13764 0.7038 0.153571 0.127334 0.126865 0.13158 
0.101291 0.115512 0.977814 0.119385 0.102102 0.131199 0.126192 0.101085 
4.65604e-008 1.91097e-005 1.75396e-005 0.918829 0.000105425 0.452041 5.85834e-005 0.00199224 
7.91961e-005 5.92376e-006 7.43059e-005 0.591159 0.592721 0.000262264 0.590643 0.000474342 
0.0010756 1.31335e-006 0.00105765 0.913549 0.455855 0.000228556 5.07074e-005 2.32765e-005 
0.000444072 0.914532 0.00122351 0.0012674 4.22996e-005 0.000283582 0.460744 0.0019905 
5.88156e-005 0.609937 0.00175377 2.09782e-005 0.00263824 0.603596 0.000638292 0.597412 
0.592667 0.598723 0.589835 0.000338149 0.00135599 4.86831e-005 0.000362055 1.03153e-005 
3.78797e-005 4.6496e-006 2.48094e-008 0.462474 0.000110314 6.97639e-005 2.64713e-005 0.914622 
0.593982 0.596767 0.00125445 0.592131 0.000266574 0.000194705 5.56477e-007 0.000442026 
7.33941e-007 5.774e-005 0.595328 0.590468 0.000218706 3.29546e-005 0.000613919 0.584459 
0.000242131 0.59981 0.594937 0.000593221 0.000339648 0.000128146 0.589602 4.94406e-006 
6.59944e-006 5.10336e-006 0.000443239 0.596643 8.61255e-005 0.596088 0.594427 0.000257765 
0.0965804 0.0953712 0.0804745 0.0890729 0.113271 0.99826 0.113914 0.0967139 
0.469081 0.00296665 0.00134608 0.000144327 0.00303082 0.000284016 0.931179 6.04189e-005 
0.0737071 0.0720938 0.0746389 0.122201 0.992416 0.110199 0.119698 0.0997491 
0.00339464 0.47031 0.00176837 0.000104914 0.933905 1.64196e-005 0.000389508 0.00334639 
2.56977e-007 0.000213868 9.46206e-006 4.32565e-005 0.924161 0.000299843 0.453901 3.81423e-006 
0.68309 0.164552 0.135822 0.129425 0.139554 0.689957 0.139308 0.15384 
1.45545e-005 0.000439826 1.98789e-005 0.460176 0.913751 0.000199327 5.92203e-005 0.000447699 
0.112935 0.112099 0.109106 0.985319 0.102997 0.0988617 0.114827 0.109026 
0.169318 0.173265 0.151531 0.0544328 0.142024 0.711488 0.0927035 0.667042 
0.590412 0.59255 0.0011584 0.000244407 0.59478 0.000544886 0.000145729 0.00044034 
7.58788e-005 0.00116208 3.07792e-006 0.597162 0.596678 0.000262145 8.47112e-005 0.587782 
1.70412e-009 7.88696e-008 4.59214e-005 0.000131673 1.02855 6.93776e-005 1.09348e-006 5.18708e-005 
0.00437894 0.000112754 0.599027 0.594116 0.000919013 0.000167202 0.590799 2.33274e-005 
0.00110603 0.602986 0.597461 0.00156289 3.82182e-005 0.591923 6.01642e-005 4.2052e-005 
8.21059e-006 1.75271e-005 0.000545511 9.7402e-007 0.929038 0.459182 8.43184e-005 3.03615e-005 
0.0959919 0.102614 0.0893701 0.698296 0.1342 0.14556 0.689136 0.140293 
0.000174239 1.14851e-005 0.931227 0.464103 6.84257e-005 5.01899e-005 5.24498e-005 1.62977e-005 
0.00728112 0.00233467 0.00140369 0.914516 0.000280122 0.000307802 0.454501 0.000507117 
8.55589e-007 0.000360001 2.72413e-007 0.595269 0.000154119 8.53183e-005 0.594689 0.588759 
0.13717 0.151138 0.129114 0.671906 0.122092 0.713877 0.00364522 0.140555 
0.12971 0.690016 0.170137 0.1261 0.663968 0.127761 0.162928 0.138833 
0.00468087 0.000167827 0.59492 0.00134003 0.000155789 0.000195421 0.58953 0.593501 
0.598287 0.000322895 0.000868773 2.69453e-005 0.592861 1.11082e-005 0.000606186 0.586449 
0.598349 0.000737964 0.000118295 0.000400633 2.06074e-005 0.588976 0.59132 0.00184429 
2.56435e-005 0.000194884 3.74565e-006 0.916704 0.000107437 0.000193952 9.94474e-005 0.454069 
0.000249455 0.604185 0.593813 0.000202421 3.20155e-005 0.000133525 0.000123766 0.588782 
4.22071e-006 0.000174767 0.464836 0.000137481 0.000118559 0.922187 0.000296973 5.23385e-005 

