0.00118485 1.5402e-005 0.60505 0.000807524 0.000229036 0.596296 0.593054 6.59259e-005 
0.101439 0.100841 0.114454 0.174868 0.121606 0.142878 0.690335 0.711493 
0.152917 0.160877 0.714338 0.146198 0.112095 0.675882 0.12629 0.10902 
0.76031 0.125301 0.136545 0.108486 0.108926 0.643584 0.140526 0.12864 
0.591772 0.621224 0.000847227 0.00249242 0.00050768 0.603655 0.0119961 0.00353105 
0.120246 0.10086 0.982312 0.137416 0.153143 0.17408 0.0729772 0.0998446 
0.466535 0.9385 0.00303427 0.00127817 0.00469228 0.0001551 5.65234e-005 1.14967e-005 
2.68816e-008 3.6073e-005 0.000258242 0.929658 0.457957 0.000529236 1.6483e-005 0.000137344 
0.5955 0.600238 0.00120051 2.77621e-005 0.00184961 0.00063401 0.00177651 0.608463 
3.94926e-006 2.08654e-005 2.06452e-005 3.00416e-007 3.59693e-006 1.03753 5.99494e-006 7.96179e-008 
8.26128e-006 1.1981e-007 1.69125e-007 1.24737e-005 1.20106e-007 0.468677 0.932051 7.19857e-007 
0.717967 0.112061 0.117095 0.0998766 0.0688516 0.0840002 0.0922963 0.705352 
0.121857 0.113707 0.131805 0.693279 0.117659 0.138479 0.0869658 0.718101 
0.461202 0.00150193 0.000351787 0.000746862 9.2389e-005 8.54883e-005 0.928933 0.000132869 
0.000100422 0.603659 0.606953 0.000435112 0.000436794 0.601408 0.00261335 0.000353574 
3.86441e-005 0.00103969 0.000181157 0.592134 0.617565 7.81069e-005 0.581314 0.000855879 
0.119966 0.12178 0.135433 1.00535 0.0779177 0.079282 0.103435 0.0745207 
0.00222694 8.72038e-005 1.54285e-005 0.600983 1.69829e-005 7.95702e-005 0.597958 0.600409 
0.929748 0.00495273 0.00125532 6.76905e-005 0.470401 0.000374287 0.000481936 0.00012626 
0.00728563 9.57931e-005 0.596924 0.604433 0.000204021 0.000399354 0.000122686 0.604239 
0.00282486 0.609883 0.000303124 0.00429208 0.00531927 0.601415 0.590112 0.000597092 
0.000263452 0.000317082 3.28637e-007 3.14021e-006 0.937737 7.96955e-005 0.458767 7.67738e-007 
0.601629 0.001015 0.611984 0.00242564 0.59548 0.000148587 0.000512097 0.000134687 
3.02558e-005 0.00068823 1.37888e-005 0.614122 0.598419 0.594061 0.00171826 3.83188e-006 
0.000631049 3.40184e-005 0.611471 7.85636e-005 0.00168655 0.000243805 0.597513 0.605311 
0.00153295 0.00719989 0.931902 0.00366333 0.00142182 0.461663 0.000120302 0.00118211 
0.00117488 0.946034 0.000657821 0.000970257 0.482122 0.00305325 0.000737719 0.000128662 
0.000465936 0.000486932 0.00325043 5.82627e-006 0.600585 0.00194793 0.602204 0.599092 
1.01787 0.101821 0.0957996 0.1057 0.0959775 0.126031 0.113312 0.101386 
0.154794 0.155653 0.730569 0.141173 0.0782509 0.134931 0.662774 0.0899941 
0.000706828 2.59861e-005 0.469794 0.00059542 0.000162255 0.931678 7.42597e-005 0.000394224 
0.00127494 0.471697 0.000636702 0.939803 0.00254102 0.000875847 7.47882e-005 0.000154008 
6.23481e-006 0.00365967 0.931067 0.000774397 0.00032722 0.00049894 6.63341e-005 0.460121 
0.0944756 0.184175 0.193913 0.15786 0.662261 0.116518 0.711053 0.141394 
0.00102163 0.607106 0.00212364 0.000511121 0.605713 0.00146992 0.600522 0.000840484 
0.591726 0.000824233 0.00207526 0.000493305 0.610729 2.03958e-005 0.595581 0.000312412 
0.712387 0.102814 0.151319 0.0680888 0.140682 0.120274 0.682077 0.140036 
3.91195e-005 3.90361e-005 1.03925 0.000203962 0.000238195 3.12305e-005 3.65999e-005 5.58259e-007 
0.93296 0.000247316 0.00105098 2.88243e-005 9.48568e-005 0.000401767 0.00114476 0.465483 
4.42932e-007 0.000316515 0.00280946 2.01121e-006 0.604167 0.604736 0.588784 0.00130732 
0.718645 0.0868237 0.130198 0.713634 0.0877021 0.109116 0.11089 0.0967613 
0.00010299 6.09118e-006 3.9178e-006 0.994388 4.28675e-005 0.496074 0.000103764 0.000163687 
0.000473482 2.00728e-005 0.00128535 0.466879 0.000111365 6.01946e-005 2.52971e-005 0.927164 
0.606762 0.00260164 0.00057231 0.611718 0.599469 0.000658046 1.75496e-005 0.000322808 
1.74139e-005 1.11859e-006 0.000112449 6.83969e-007 1.0339 0.000181404 7.26941e-005 4.89862e-007 
0.178303 0.187721 0.158057 0.685098 0.121696 0.685781 0.128315 0.108851 
0.000815219 0.000816705 9.23474e-005 0.597354 0.60758 0.00496117 0.000371666 0.603103 
0.000241797 0.615414 0.000864894 0.000509953 0.603479 0.594177 0.00164568 0.000123209 
0.000138286 8.07923e-005 0.61103 0.00235185 5.37686e-005 0.60467 0.00193065 0.618988 
0.926791 0.000336947 0.472327 0.00111386 7.90714e-005 0.00015957 0.00104942 1.33565e-005 
0.465574 0.00171547 0.000643247 0.937159 0.00106267 2.39077e-005 0.000185403 1.87934e-005 
0.00451576 0.0100516 0.929836 0.00595298 0.000215269 0.000370857 0.459537 0.00084984 
1.03687 1.18107e-005 0.000710048 0.000740267 0.000354592 0.00124247 4.42622e-005 0.000113483 
0.15455 0.161384 0.214897 0.675215 0.142516 0.142561 0.685714 0.14278 
2.43129e-006 1.31754e-008 2.04596e-006 5.17122e-009 2.41122e-008 0.000114113 0.955493 0.477551 
0.598949 0.00125457 0.000178674 0.606768 0.000219279 0.000881161 0.591634 0.000114541 
5.18298e-009 2.73836e-008 1.59749e-010 2.82695e-010 3.98086e-010 1.55744e-010 1.04031 7.98313e-008 
1.78851e-005 0.602709 0.00050458 0.000496823 0.00467245 0.599847 4.61309e-005 0.605605 
6.01201e-005 0.46782 0.933305 9.00756e-005 0.000388376 7.94677e-006 0.000145629 0.00117334 
0.00165255 0.601965 0.606327 0.59613 0.00259281 0.00245657 0.000500222 7.80802e-005 
0.00192361 0.930445 0.000674484 0.000161467 0.0026665 0.47 1.51931e-005 6.40007e-006 
0.474773 0.00137518 0.000222837 1.71576e-005 0.952421 0.00052458 0.00016533 0.000451276 
0.000284271 0.000571464 0.607225 0.000570395 0.607144 0.000381976 0.00575327 0.59486 
0.598617 9.91265e-005 0.00155785 0.606104 0.00900819 0.000400481 0.000123032 0.598021 
0.59882 0.000214282 0.00127112 0.00333683 0.000241272 0.6096 1.60986e-005 0.602587 
0.00802801 0.612516 0.000859025 0.00108945 0.601082 0.00158479 0.000108323 0.594124 
0.604122 0.0090099 0.00740702 0.00105943 0.000947244 0.00338035 0.609169 0.603608 
0.144004 0.144741 0.201074 0.136391 0.624656 0.75422 0.10975 0.108153 
4.36678e-005 0.930329 0.000222278 0.000773777 0.000333872 0.00049854 6.57095e-005 0.459753 
0.00227337 0.926694 0.000688405 0.46334 0.00038436 0.000290385 9.03634e-006 0.000113328 
1.0249e-006 5.00813e-005 0.00254623 0.470312 0.000233202 0.000129403 0.927336 0.000367911 
0.725665 0.119697 0.160812 0.126279 0.681406 0.106558 0.147703 0.123253 
0.109264 0.710794 0.141995 0.102393 0.119431 0.106234 0.106259 0.698099 
0.608205 0.00252761 0.00296182 8.77795e-005 0.596569 0.00182579 0.000369205 0.598922 
0.117386 0.121266 0.16333 0.116321 0.0519626 0.73264 0.677393 0.143227 
0.00167098 0.60868 0.602837 0.000700532 0.00221458 0.00202004 0.592956 0.000361006 
0.934389 0.00388319 0.00294775 0.00013441 0.00115606 0.460687 0.00044894 8.82501e-005 
0.60521 0.00495486 0.609161 0.000190598 0.000203942 0.000136096 0.597231 0.00124742 
0.130987 0.684848 0.116818 0.688217 0.167711 0.171731 0.141823 0.144905 
0.00524296 0.601103 0.00138342 0.60307 0.599943 0.0127883 0.000184997 2.48321e-006 
0.00102009 0.00112558 5.29993e-007 1.06151e-006 0.465857 7.7353e-005 0.937987 0.000104679 
0.000113838 0.612616 0.000442178 0.599934 0.000607941 0.00201761 0.00496201 0.599468 
2.40857e-005 1.47849e-005 8.53303e-005 4.42532e-005 4.19705e-007 0.467999 7.21744e-007 0.94653 
1.2797e-006 0.00134665 0.601557 0.593015 0.598836 0.000341124 0.00013935 4.86604e-005 
0.925123 0.4643 0.000776477 0.00549143 0.00160171 0.000285695 0.00593295 0.00164812 
0.0873031 0.0725469 0.11827 0.0228242 0.732995 0.0997226 0.0903407 0.711644 
2.75425e-005 0.612357 0.601151 5.72817e-005 0.00681369 0.000415807 0.00073741 0.607049 
0.58214 0.58605 0.632513 0.00130769 0.000286766 0.000452088 9.30409e-005 0.00036821 
0.00128658 0.00143301 0.595728 0.000513734 0.601088 2.28093e-005 0.592277 1.66174e-005 
0.00039297 0.0003885 0.00472866 0.610181 0.00296194 0.59709 1.04291e-005 0.602204 
1.21618e-007 2.01198e-005 0.00103933 0.930449 0.000214208 0.000142413 0.461491 6.7388e-005 
0.0713556 0.0619365 0.0823797 0.101395 0.112985 0.0492748 0.137839 1.0068 
0.000898981 0.00513974 0.00134381 0.470515 0.00250114 0.923436 1.46216e-006 3.13365e-005 
0.714264 0.149694 0.694558 0.0992095 0.121908 0.111761 0.103073 0.143621 
0.603984 0.602475 0.00299764 0.605332 0.000241438 0.000519589 6.01009e-005 9.79544e-006 
0.0928185 0.0956116 0.129014 0.115773 1.00114 0.11323 0.103104 0.103535 
0.000929742 0.600469 0.598967 0.00103325 0.600978 0.000281503 2.0181e-005 0.00209594 
0.461586 0.000355704 0.000514405 0.000577208 0.00216398 0.933816 4.13228e-005 0.00213193 
0.0742876 1.00094 0.141804 0.104513 0.097046 0.124371 0.11065 0.106365 
0.00012575 0.000122292 0.000181098 0.00517429 0.937258 0.00216951 5.53916e-005 0.470922 
3.63759e-005 0.000282966 4.62219e-006 0.000272439 3.35597e-007 0.604828 0.60337 0.605592 
4.84008e-008 6.33174e-006 0.000108161 1.0419 4.85345e-005 0.000212499 1.5969e-005 6.808e-005 
0.152976 0.159711 0.179247 0.651543 0.713054 0.189755 0.123283 0.142936 
2.91837e-006 1.04584 0.000701945 0.000177713 0.000738023 0.000504865 0.000115338 0.000126637 
0.00209352 0.467297 0.000217559 0.000184358 0.930577 0.000882517 9.62959e-005 6.89156e-005 
0.000389441 0.00705274 9.95072e-006 0.000299415 0.468252 6.20033e-005 0.00382113 0.928235 
3.6315e-006 0.000892471 0.477764 3.46429e-005 0.000110452 1.41055e-006 6.68963e-005 0.955893 
1.64761e-008 1.71319e-006 3.00287e-006 3.5194e-006 8.62187e-008 0.932808 0.464674 4.58087e-005 
0.154051 0.143391 0.707411 0.146894 0.127139 0.118637 0.0856691 0.698014 
0.000221401 1.91369e-006 0.00326113 2.46367e-006 0.600694 0.601262 7.33492e-005 0.601259 
0.450547 3.88256e-005 0.94268 0.000791773 0.0002656 0.000888696 0.00219474 0.000195799 
0.0026984 0.000280254 0.59908 0.00162322 0.601254 0.60283 9.07352e-005 0.000120261 
0.597086 0.00106408 0.607368 0.00247423 0.00138406 0.596018 0.000500524 9.27746e-005 
0.594856 0.000170921 0.611123 0.595443 0.000253093 0.00123508 0.00145438 0.000103849 
0.702382 0.69883 0.141361 0.167413 0.0953657 0.128411 0.105972 0.143146 
0.000218381 0.000235174 0.936419 0.449846 0.000389601 0.000214767 4.14875e-005 0.000181565 
0.000608162 0.619181 0.000877789 0.000547939 0.00803663 0.00116341 0.618894 0.613569 
0.598095 0.608135 0.000650667 0.00138158 0.000115866 0.000161253 0.594757 9.0541e-005 
0.136384 0.132397 0.684723 0.710977 0.140057 0.171151 0.119284 0.134821 
1.04348e-010 3.77716e-012 2.78348e-008 2.35871e-011 3.56284e-011 2.21859e-011 1.63972e-012 1.03882 
0.000155134 0.932547 0.478375 0.00106616 0.000534788 0.000511262 0.000203182 0.000362299 
0.146129 0.146881 0.677937 0.120473 0.7202 0.153574 0.106266 0.143299 
0.000484982 3.72742e-005 1.123e-005 8.9825e-005 0.00112623 0.933923 3.95371e-005 0.466751 
2.65873e-008 1.89911e-005 0.596109 0.611095 0.00291592 0.602025 0.00207495 4.83508e-005 
0.112958 0.731111 0.115323 0.139147 0.10993 0.131716 0.66295 0.14498 
0.612556 0.605142 0.00122676 0.001057 0.586262 0.0013226 0.000895975 3.79191e-005 
0.110353 0.724746 0.16116 0.10369 0.672731 0.113676 0.144572 0.0891977 
0.465278 0.00179899 0.000102387 4.43291e-005 9.6238e-005 8.74243e-005 6.48563e-005 0.930728 
2.30863e-005 0.00102288 0.000202165 0.608265 2.66465e-006 0.599415 0.592084 0.00078348 
0.107716 0.696938 0.701257 0.137719 0.144835 0.14374 0.137757 0.115312 
0.107421 0.110761 0.153155 0.13594 0.12315 0.979616 0.144937 0.102957 
0.603994 7.71315e-005 0.00743934 0.000806173 0.00642514 0.595333 0.592095 0.00317554 
0.000134519 0.000116711 3.31048e-005 3.32406e-005 3.08821e-006 0.000373324 0.468194 0.933314 
0.599757 0.00255137 0.000882454 0.00162505 0.601933 0.602091 0.00191391 0.000376496 
0.933053 0.000250577 0.000693127 0.46444 0.000386653 0.000292117 9.09023e-006 0.000114004 
0.00178519 0.000112906 0.963426 1.59583e-005 0.480004 0.000161917 1.76781e-005 1.51156e-005 
5.98246e-007 0.00124199 0.609254 0.602842 0.000171066 0.000159565 0.590687 5.2812e-005 
0.000217951 1.19206e-005 4.20992e-005 0.93361 6.1404e-006 0.00113997 0.00115042 0.466208 
0.000112163 0.4765 0.00106312 0.000132667 0.00102622 0.933842 0.00104188 0.0003961 
1.9212e-006 0.00178871 0.00179592 0.473185 0.933719 0.000462492 0.00701804 7.74922e-005 
0.109503 0.709247 0.15741 0.136544 0.0842101 0.738006 0.0280624 0.0932312 
0.000377721 0.000416578 0.00193062 0.002105 0.922428 0.465265 9.48796e-005 1.67251e-005 
0.0961935 0.093361 0.12725 0.102763 0.103858 0.107091 1.00526 0.101957 
0.605884 0.000873889 0.00368677 0.605618 0.00412811 0.60064 0.000185807 4.75059e-005 
0.00179986 1.71853e-006 0.474536 0.000109442 0.929428 2.9684e-005 9.51253e-005 0.000314371 
0.00525928 0.602921 0.00366887 0.604832 0.00411542 0.598793 0.000185236 4.73598e-005 
0.00131497 0.934847 0.00560576 0.000860818 0.000688364 0.00217842 0.460623 0.000358976 
5.4485e-005 8.14387e-009 0.468571 0.000266403 0.000113288 0.000233235 0.936856 0.000682643 
6.42779e-005 0.472617 9.98471e-005 0.000404417 9.45018e-005 7.13317e-005 0.932835 0.00118435 
0.000954024 0.464478 0.000775685 0.000391892 0.000332837 2.42338e-006 6.73248e-005 0.929688 
0.0536169 0.0564758 0.0753841 0.067814 0.0689983 0.736317 0.0619663 0.715759 
7.59295e-005 0.00150117 0.469633 0.929171 0.00163652 0.000643438 9.07105e-007 2.8066e-005 
6.26156e-007 7.00165e-009 0.000531982 0.000255116 0.472917 0.925676 1.38068e-006 1.89161e-005 
0.00519112 0.600144 0.00271599 0.600781 0.000285926 0.00190715 0.595291 1.01032e-007 
0.931458 0.000682531 0.000868036 0.00158284 0.000355197 0.0025659 0.472656 0.00046748 
0.604022 0.00115881 0.60676 0.000818006 0.000985427 0.000951085 0.000907793 0.586152 

