0.000870002 0.598111 0.588432 0.000916425 5.91641e-005 0.594767 0.000270536 0.000567074 
0.00642974 0.000600956 5.16672e-006 0.874213 0.528252 0.0103711 0.000342801 0.00192507 
0.48146 0.00228093 0.000228188 0.000166382 0.000839181 0.00218315 0.936057 2.66964e-005 
8.59778e-005 0.000959792 7.66923e-007 0.592069 0.585296 0.000780249 0.000221133 0.59869 
0.00249156 0.583077 0.00736208 0.605812 0.597709 0.00252038 0.000362799 0.00519944 
0.575381 0.00703219 1.52858e-007 0.588914 0.603536 0.0048592 0.00156062 0.00109829 
1.19125e-008 2.09008e-007 1.21878e-005 4.85745e-008 0.593478 2.39794e-005 0.589167 0.592244 
0.00105071 0.0010219 0.602566 0.0032135 0.000734859 0.593968 0.0054595 0.586696 
0.00066149 0.00195306 0.917703 0.000214557 0.000701732 0.000486051 0.45326 0.0043842 
0.464979 0.00117863 0.0003703 2.81962e-005 0.00082608 0.0010587 0.000146428 0.917081 
0.000752497 1.02781 0.000331944 0.000124759 5.49753e-005 4.00155e-005 2.96098e-005 0.000461163 
0.581065 0.571387 0.619277 0.00152248 9.03309e-005 0.000242211 0.000439993 0.00306004 
9.19586e-006 5.4578e-008 1.34419e-007 7.94328e-007 6.3835e-007 1.00173e-006 1.02375 7.52291e-007 
0.000262444 0.000255936 1.0265 6.46487e-005 2.6075e-005 0.000545076 0.0002718 2.10628e-005 
0.5888 0.595488 2.01791e-005 0.0100847 0.011526 0.0076132 0.589055 0.000258967 
0.0887137 0.978885 0.116959 0.0911719 0.104549 0.0703827 0.160519 0.138667 
0.619599 0.570628 0.000696027 0.000229725 0.000318344 0.599017 0.00260178 0.000224797 
0.197292 0.690214 0.123063 0.660676 0.130259 0.130778 0.151946 0.160034 
0.0489096 0.122609 0.0935827 0.0866718 0.0393989 0.0329861 1.00074 0.077994 
0.000321463 2.77554e-005 0.00290692 0.462275 0.91863 0.000761041 0.000614355 0.000187154 
0.0911774 0.126512 0.17969 0.747062 0.0888919 0.139525 0.0341522 0.647247 
0.108055 0.105829 0.0852723 0.0900511 0.989562 0.135257 0.140593 0.0794436 
0.698122 0.106109 0.120609 0.686598 0.136639 0.143001 0.139277 0.0811864 
0.000292501 1.02562e-005 6.02326e-007 3.17229e-007 0.580514 0.590683 0.000246855 0.601606 
0.598999 0.00696698 0.00132766 0.000461623 0.588153 0.00293084 0.000264544 0.593462 
0.00461717 0.000256667 0.602369 0.608465 0.000768393 0.000982077 0.000346639 0.589911 
0.599389 0.000726255 0.605824 0.00166152 5.57514e-005 0.000364808 0.000268952 0.577552 
0.596663 0.00139771 0.588781 0.600818 0.00185786 0.000365933 0.00027308 0.00514757 
9.66001e-005 0.0249762 0.599603 0.597236 0.585367 6.46696e-005 0.0001467 0.000137 
0.46282 0.000660691 0.915766 0.001498 0.00202154 0.00214974 0.000316406 0.00413398 
0.156437 0.142126 0.684815 0.125978 0.127458 0.687489 0.147856 0.0923416 
1.04809 0.00128562 1.41935e-005 6.60084e-005 5.60608e-005 0.000504879 0.000330271 2.62449e-005 
0.000246587 0.000222674 0.597995 0.00836819 0.574778 0.000440457 0.000178221 0.594153 
0.137599 0.108555 0.177382 0.199822 0.667313 0.699618 0.0724424 0.148697 
0.00228269 0.46729 0.000333302 0.00169402 0.930549 0.00108723 0.000621279 0.00252537 
0.000810413 0.452249 2.16525e-005 9.33781e-005 0.000481913 0.922549 0.000354166 0.000185857 
0.927231 0.000299902 2.24872e-005 0.000333944 0.000994016 0.466201 0.000275377 0.000260361 
2.69573e-008 3.2438e-007 9.3386e-006 1.97146e-007 0.455044 0.924371 2.85958e-005 0.00011845 
0.00390878 0.000291808 0.00383433 0.596974 0.000107344 0.000537375 0.587466 0.590288 
2.62713e-006 0.00199743 0.906394 0.461326 0.000353935 0.000542698 0.00156039 2.75018e-006 
0.00160479 0.00155596 0.91894 0.000323127 0.000989711 0.452617 0.000328644 0.00223579 
0.00294747 9.98006e-006 0.600547 0.00164022 0.000643474 0.000560638 0.580956 0.593756 
0.68733 0.673829 0.125358 0.134303 0.120308 0.135357 0.150886 0.159257 
0.690651 0.0559757 0.0763817 0.138415 0.121372 0.689392 0.189367 0.144758 
0.00561488 0.871119 0.00102975 0.00310647 0.535286 0.00108732 0.00130582 0.000781125 
0.0011094 7.09202e-005 0.457017 0.000160701 0.000492213 0.00458268 0.000146632 0.914836 
0.000653605 0.0149368 0.0138176 0.590728 0.599566 0.582727 0.000587095 0.000131282 
0.000571753 0.59435 0.592603 0.00126695 7.42273e-005 0.0015976 0.588024 0.00249251 
0.474095 0.000213596 0.00107605 0.906681 1.66057e-005 0.000543243 0.000417095 0.000245903 
0.00340618 0.60304 0.000995521 0.00169498 0.00105616 0.000240233 0.59316 0.596744 
5.7641e-005 2.60311e-008 0.000175469 0.919065 0.00101337 0.00040103 2.2834e-005 0.460529 
0.000960282 2.29793e-005 7.72419e-006 0.000193183 0.000802025 0.925368 7.5458e-005 0.45657 
0.072542 0.737723 0.144905 0.123594 0.141939 0.122127 0.652684 0.0765772 
0.102986 0.101254 0.984171 0.152264 0.101312 0.145151 0.0510232 0.0780881 
0.743185 0.101374 0.115975 0.126451 0.165247 0.131138 0.629033 0.120034 
0.000142633 0.000138293 0.00727547 2.61764e-006 0.926983 0.456591 0.00033153 0.00226402 
0.000416766 7.41163e-006 1.06198e-005 1.58122e-006 0.45828 0.000230913 0.000169467 0.915658 
0.454825 0.000771366 0.000976404 0.00501847 0.000488446 0.915545 0.00033998 0.000184938 
0.916866 0.00108015 0.461815 0.00510343 0.000965062 0.0021845 0.000141567 0.000628474 
0.61135 0.000915467 0.00431775 0.00325984 0.000744241 0.606705 0.00550925 0.60601 
0.00179607 3.73679e-005 0.000378425 6.64366e-006 0.000143491 0.592158 0.582085 0.593976 
0.182537 0.658264 0.692349 0.119265 0.166438 0.148188 0.173956 0.148258 
0.180256 0.693268 0.115953 0.118925 0.125472 0.681913 0.00095647 0.138697 
0.601889 0.000206103 0.591498 0.00289485 0.00376651 0.592943 0.00309025 0.00217995 
0.00194399 0.454448 0.920095 0.00117461 0.0020218 0.000535224 0.000317212 0.00131567 
2.29692e-006 1.98319e-007 8.5798e-005 0.585996 0.597321 0.000614227 0.591597 0.000186496 
0.000113967 5.04155e-006 0.000106459 0.492056 0.000334307 0.0001727 0.964623 0.00326406 
0.60338 0.00284626 0.592829 0.00114765 0.00392969 7.62338e-005 0.587596 8.09532e-005 
0.00564626 0.562536 0.601197 0.603276 0.00141482 0.000602411 0.000358668 0.00879464 
2.2109e-005 1.64863e-006 7.81124e-009 3.80209e-009 1.49108e-005 1.02362 0.000163284 2.55567e-005 
0.884983 0.0212232 0.000497972 0.000108475 0.517796 0.00111903 0.0225913 0.00251643 
0.00559169 0.914105 0.00125057 8.3923e-005 6.7895e-006 0.460576 0.000480515 0.000214107 
0.000798989 2.39154e-007 0.455732 0.000163783 0.000490887 0.919476 0.000243065 0.00126587 
0.117495 0.110173 0.160073 0.163238 0.0290999 0.118367 0.0529082 0.973707 
0.167995 0.146121 0.0450187 0.704309 0.672357 0.143842 0.145527 0.107593 
0.00506604 0.000341092 0.000575547 0.594273 0.00038099 0.588941 0.590307 0.00315202 
0.00134074 5.46407e-005 1.07359e-006 0.582265 0.000629746 0.608238 0.000294736 0.584901 
0.0364191 0.112593 0.115623 0.0152501 0.711408 0.0485782 0.692083 0.13773 
0.158548 0.701326 0.0944613 0.145189 0.670742 0.12648 0.15762 0.142233 
0.00320387 0.000286329 2.88271e-005 0.000108356 0.457492 0.000434185 0.916583 0.000598232 
0.918984 0.000999517 0.00120682 8.40143e-005 0.000659058 0.000436649 0.00020173 0.453376 
0.586068 0.00337454 0.00666545 0.599684 0.00400654 0.00136799 0.00018423 0.591071 
0.00317864 0.922992 0.00125956 0.00107779 0.00497015 3.31574e-005 0.457884 0.00021579 
0.0509942 0.047662 0.734496 0.120195 0.123884 0.125298 0.671602 0.119477 
0.000494489 0.461381 0.0110388 2.90659e-005 1.22298e-005 0.000246378 0.91608 2.70707e-006 
0.00097372 0.924745 0.00132803 7.62061e-005 0.000642205 0.0150693 0.000248903 0.449227 
0.00448158 6.26067e-005 0.603345 0.000191242 0.59397 0.00177189 0.585104 0.000274346 
4.55475e-005 3.55118e-005 0.00042462 7.95258e-005 6.39863e-006 0.462439 8.43813e-005 0.909081 
0.623653 0.0087855 0.000732977 0.0114947 0.566432 0.576793 0.00364382 0.0016011 
0.00877343 0.000572489 0.917712 8.37145e-005 0.00102058 9.04079e-005 0.00020146 0.452563 
2.55516e-005 2.35259e-007 0.000717367 1.02931 0.000351962 8.21697e-006 5.74514e-005 0.000130684 
0.475153 0.000713915 0.000560796 0.00171802 0.939199 0.000483752 0.00355646 0.00252853 
0.0011048 0.574585 8.25999e-005 0.604131 0.00270936 0.584949 0.00173232 5.6979e-006 
0.463703 0.908019 0.000859719 0.000990999 0.00107942 0.00055958 0.000270999 0.0042603 
0.0265784 0.0982487 0.0991423 0.106221 0.73377 0.15727 0.108048 0.663602 
0.00852765 0.926549 0.00203176 0.454825 1.78879e-005 0.000572568 0.00311412 0.000804352 
0.597498 0.586731 0.00212702 0.590896 0.000224926 0.00369111 0.000899715 8.00924e-005 
0.00219495 0.00219516 0.891425 0.00598312 0.514294 0.00110158 8.5193e-005 0.000437312 
0.118626 0.704854 0.110885 0.149927 0.15831 0.126986 0.117353 0.677871 
0.02559 0.101371 0.702575 0.133056 0.683672 0.158591 0.16926 0.0810099 
0.000878877 0.598134 1.85918e-005 9.12398e-006 0.0158127 0.59355 0.585143 0.000609299 
0.0727646 0.0895886 0.642291 0.731868 0.110214 0.135183 0.150746 0.176905 
0.135577 0.126718 0.145091 0.122794 0.0450096 0.712107 0.665605 0.107357 
0.000620183 0.60343 0.000483778 0.000232661 0.589837 0.00600969 0.000129554 0.604674 
3.47807e-006 6.2016e-005 9.28484e-006 0.00201613 0.917549 0.00085723 0.000243488 0.456089 
0.0126977 0.598356 0.000502443 1.42666e-005 0.000728557 0.597879 0.00544178 0.592525 
0.000575101 0.593245 0.591566 2.1578e-005 7.38198e-005 0.000392382 0.00037944 0.589406 
7.22381e-005 3.29162e-007 7.50077e-005 0.920879 0.00070132 0.000675615 0.455174 0.000232448 
1.09195e-005 0.000176782 0.609821 0.588372 0.00192396 7.63684e-005 0.589032 0.000792174 
0.00440158 0.000110314 0.000392882 0.0008023 0.001486 0.926439 0.452631 0.000503961 
0.00595223 4.58643e-005 0.000270329 0.00139197 0.925158 0.00187355 0.458096 0.00184946 
0.585311 0.00819303 0.00539236 0.61748 0.000780743 0.580985 0.000448567 0.00177559 
0.000126442 0.000120986 0.000234171 0.911868 2.03007e-005 0.467881 0.00130677 0.000328867 
0.923325 0.450459 0.000644245 0.0011163 0.00184843 1.12948e-005 0.000531216 0.000223594 
0.985879 0.106519 0.0809241 0.121807 0.0993965 0.121295 0.103241 0.112544 
0.610115 0.00848007 0.0010054 0.00220462 0.597202 0.000897775 0.59003 0.000276656 
3.63913e-005 1.12466e-007 0.00164373 0.00146009 4.57481e-005 3.30063e-005 0.45339 0.913848 
0.000282307 0.600968 0.599155 0.00287027 0.581908 0.000335486 0.00190906 0.00622991 
2.45541e-010 2.06448e-009 5.81109e-012 2.76594e-008 1.18567e-010 9.32448e-011 5.95226e-010 1.0329 
0.611071 0.00102813 0.000367234 0.591459 1.95538e-005 0.00163825 0.58465 1.77933e-005 
0.000113104 0.589449 3.60567e-005 1.93938e-005 0.598524 0.0015052 0.588289 0.00487157 
0.924315 0.00153436 2.22727e-005 0.000437755 0.000567589 0.000759978 0.446868 0.000267094 
5.54693e-005 0.000531034 0.591972 0.000691247 0.000972934 0.593924 0.594369 0.000165021 
0.682314 0.099714 0.68697 0.10503 0.108483 0.125224 0.130825 0.2001 
0.117631 0.108418 0.183572 0.682985 0.121569 0.694231 0.125968 0.0901232 
0.00262374 7.03922e-005 0.585342 0.602985 0.000790697 0.596752 0.000142697 0.00182605 
9.76398e-006 0.00019145 0.622327 0.011283 0.565168 0.585324 0.00131423 0.00601641 
0.145675 0.142906 0.146311 0.130701 0.0936102 0.707591 0.0802711 0.670804 
0.000117762 0.000118874 0.469897 2.95939e-005 1.2452e-005 0.000250853 0.934332 2.76004e-006 
1.84796e-005 9.54161e-005 0.00383879 0.458859 0.000149188 0.00014915 0.00136914 0.91699 
0.00108841 5.82498e-005 1.52107e-005 6.08837e-005 0.000120251 0.450213 0.912663 0.000231212 
0.000178322 2.06922e-006 3.07829e-007 0.449916 0.000120047 0.919566 0.000326467 0.000413693 
0.107729 0.0874422 0.0916174 0.058753 0.135435 0.988326 0.0653589 0.136353 
1.40806e-005 0.000256933 0.457938 2.88407e-005 0.917291 0.000557927 0.000271467 2.1037e-005 
0.0258562 0.590889 0.00856035 0.0186927 0.600309 0.583449 0.0112225 0.000131452 
0.000215937 0.451458 0.000103403 0.913934 1.46239e-005 0.000405884 0.0065764 0.000293976 
0.59645 0.586279 0.000670374 0.000228906 0.587086 0.000243318 0.000311255 0.00308597 
0.60804 0.00207224 0.00100377 5.81446e-005 0.00106491 4.02235e-005 0.5882 0.596822 
0.0773852 0.0952775 0.122751 0.97141 0.0928161 0.165039 0.164025 0.125753 
0.611418 0.00958124 0.593463 0.000145926 0.577491 0.000362194 0.00110216 0.000223308 
0.154304 0.152917 0.114153 0.672185 0.117214 0.131048 0.706728 0.0913069 
2.43297e-007 2.75906e-010 0.000208532 0.000430638 4.00805e-007 0.000350324 0.913944 0.460692 
0.00817348 0.599644 0.00866057 0.607908 0.000288429 0.000334741 0.587625 0.000798595 
0.00032679 1.93088e-005 0.451261 0.915342 5.5836e-006 0.000567459 0.000441309 9.25903e-007 
0.0306662 0.181391 0.152884 0.143017 0.186718 0.205708 0.609589 0.719445 
0.599306 0.588254 0.00200489 0.000251067 0.000935664 1.15561e-005 0.000354963 0.583394 
0.915907 0.000412648 0.00200834 0.449582 1.76817e-005 0.000563039 0.00307822 0.000130011 
0.706488 0.0464513 0.146792 0.144762 0.666741 0.141621 0.15731 0.147847 
0.00258755 0.605541 0.00811976 0.58592 0.00402616 0.000422233 0.000142912 0.587918 
2.93501e-005 0.000880879 0.000452017 0.00135591 0.589259 0.605006 0.58831 0.000305495 
0.602935 0.000388505 0.000822786 0.000704048 0.000732706 0.598392 0.583991 0.000209601 
0.000912414 0.923413 0.456481 0.0010552 0.000650593 0.000966458 0.00031799 0.000589151 
0.719209 0.0799648 0.134737 0.144851 0.161339 0.143483 0.124027 0.653446 
0.0100348 0.464155 0.000162827 0.000314185 3.66601e-005 0.00017272 0.00462337 0.909662 
1.78169e-006 2.09829e-005 9.84031e-009 8.96002e-009 1.02527 1.2874e-005 3.54822e-006 7.48042e-005 
0.138365 0.136119 0.723014 0.142488 0.049861 0.121093 0.132705 0.658782 

